-0.293162 -0.149026 0.193926 5.000000
-0.099770 0.395637 0.130689 3.000000
0.500627 -0.803956 -0.201449 1.000000
0.860902 -0.008592 -0.133019 1.000000
0.201797 -0.793937 -0.159737 0.000000
0.560051 -0.001854 0.065984 1.000000
-0.547789 0.080646 0.046171 4.000000
0.100776 0.649830 -0.057844 3.000000
0.805758 -0.293938 -0.203991 1.000000
-0.095861 -0.050393 0.356818 5.000000
0.101765 -0.593693 -0.006341 0.000000
0.104412 0.126898 0.305042 2.000000
0.800875 -0.133162 -0.143615 1.000000
-0.003468 -0.358950 0.167420 0.000000
-0.595023 -0.131540 -0.004675 5.000000
0.205395 -0.224564 0.211111 1.000000
0.160076 0.613578 -0.034310 3.000000
-0.348450 -0.686901 -0.083490 0.000000
0.254562 0.540129 0.027533 3.000000
-0.443966 -0.079834 0.116316 5.000000
-0.551029 0.093419 0.042866 4.000000
0.703841 0.294737 -0.142723 2.000000
0.153514 -0.372197 0.152699 0.000000
-0.551754 -0.452572 -0.089892 5.000000
-0.545734 0.804649 -0.205456 4.000000
-0.346653 0.403157 0.061238 4.000000
0.607637 0.260438 -0.067110 2.000000
-0.605847 0.133379 0.000001 4.000000
0.302074 0.580810 -0.008571 3.000000
0.200089 0.622614 -0.041997 3.000000
-0.096593 -0.416800 0.123973 0.000000
-0.704368 0.213328 -0.100798 4.000000
-0.098500 0.066632 0.343241 4.000000
0.504028 -0.710156 -0.165975 1.000000
0.155949 -0.519853 0.044773 0.000000
0.605081 -0.062072 0.012447 1.000000
0.106828 -0.752222 -0.125736 0.000000
-0.496683 -0.827997 -0.194361 5.000000
-0.297367 0.479547 0.054631 4.000000
-0.444587 -0.686907 -0.110944 5.000000
0.550003 0.388566 -0.083422 2.000000
-0.356475 0.427881 0.047380 4.000000
0.057653 0.278841 0.213200 3.000000
-0.443273 0.730089 -0.131882 4.000000
-0.349031 -0.398659 0.064806 5.000000
0.455034 0.305609 0.010701 2.000000
-0.294519 0.182113 0.169633 4.000000
-0.244972 -0.705179 -0.097240 0.000000
0.511736 -0.441122 -0.066349 1.000000
-0.000417 0.069581 0.371365 3.000000
0.607292 -0.189107 -0.039020 1.000000
-0.095348 -0.496374 0.058187 0.000000
0.254603 0.640019 -0.054703 3.000000
0.407738 -0.204929 0.090368 1.000000
0.859164 0.178832 -0.199376 2.000000
-0.392484 0.301136 0.062069 4.000000
0.206543 -0.683273 -0.075074 0.000000
-0.192530 -0.787290 -0.153828 0.000000
-0.343435 0.349584 0.080746 4.000000
0.304241 -0.413939 0.074971 1.000000
0.154141 0.378169 0.138987 3.000000
-0.391061 0.021485 0.167403 4.000000
-0.297494 0.418569 0.087533 4.000000
0.504140 0.646900 -0.146667 2.000000
-0.552023 -0.802689 -0.204048 5.000000
-0.492328 0.262687 0.008062 4.000000
0.462438 0.582233 -0.085431 2.000000
0.701012 -0.339268 -0.155479 1.000000
0.406066 0.243954 0.068394 2.000000
-0.201259 -0.472637 0.083150 0.000000
0.511305 0.218737 0.009906 2.000000
0.804773 0.104657 -0.137291 2.000000
0.706684 0.223769 -0.125220 2.000000
0.504028 -0.710156 -0.165975 1.000000
0.304713 0.785292 -0.152859 3.000000
-0.403834 -0.618612 -0.056174 5.000000
0.398075 0.378547 0.024028 2.000000
-0.547416 0.249434 -0.018340 4.000000
-0.552023 -0.802689 -0.204048 5.000000
-0.088354 -0.714323 -0.101766 0.000000
-0.146523 0.014283 0.327787 4.000000
0.504130 -0.797670 -0.201422 1.000000
-0.101806 -0.390932 0.147594 0.000000
-0.197352 0.637858 -0.053846 3.000000
0.401855 0.175974 0.089977 2.000000
-0.046662 0.466876 0.078176 3.000000
0.206602 -0.261366 0.192843 1.000000
-0.148214 0.110344 0.288734 4.000000
-0.598127 -0.486700 -0.133036 5.000000
-0.293073 -0.116573 0.198903 5.000000
-0.097682 0.833434 -0.194985 3.000000
0.050346 0.465110 0.074176 3.000000
-0.444587 -0.686907 -0.110944 5.000000
-0.197741 0.164093 0.238943 4.000000
0.553724 -0.479091 -0.110544 1.000000
0.654155 0.043679 -0.016423 2.000000
0.155410 -0.404079 0.130962 0.000000
0.151406 0.512901 0.036507 3.000000
0.256507 -0.344414 0.135104 1.000000
-0.441002 -0.386200 0.000316 5.000000
-0.300644 0.502475 0.047847 3.000000
0.403070 0.084885 0.131956 2.000000
0.255252 -0.556380 0.016897 0.000000
0.858904 -0.203736 -0.205659 1.000000
-0.098466 0.316414 0.193660 3.000000
-0.148299 -0.191398 0.265194 5.000000
0.858904 -0.203736 -0.205659 1.000000
0.106828 -0.752222 -0.125736 0.000000
0.406971 -0.781751 -0.155105 0.000000
-0.442759 0.542767 -0.062005 4.000000
-0.154493 -0.273700 0.229671 0.000000
-0.592905 -0.648541 -0.194262 5.000000
-0.143902 0.386027 0.138110 3.000000
0.504823 0.660475 -0.155143 2.000000
0.354362 -0.360981 0.060005 1.000000
0.298370 -0.051100 0.218130 1.000000
0.403890 -0.147007 0.112367 1.000000
0.106431 0.828808 -0.190061 3.000000
0.504140 0.646900 -0.146667 2.000000
-0.199597 0.600640 -0.023518 3.000000
0.051945 0.826496 -0.189384 3.000000
0.055088 -0.231156 0.265316 0.000000
0.006524 -0.192085 0.285324 0.000000
-0.245574 -0.418586 0.116085 5.000000
0.403288 0.312835 0.044109 2.000000
-0.349384 0.433084 0.043536 4.000000
0.344753 0.448817 0.021381 2.000000
-0.100259 -0.446393 0.095401 0.000000
0.753352 -0.205673 -0.141685 1.000000
0.655485 0.364284 -0.140758 2.000000
-0.051440 0.072714 0.370830 3.000000
0.364896 -0.700799 -0.093048 0.000000
0.556555 -0.340310 -0.059656 1.000000
0.662058 0.043220 -0.029871 2.000000
0.254140 0.454614 0.083008 3.000000
0.110944 0.292158 0.207038 3.000000
-0.095861 -0.050393 0.356818 5.000000
0.804773 0.104657 -0.137291 2.000000
0.250854 0.308573 0.140095 2.000000
0.351244 0.430308 0.027765 2.000000
-0.448664 -0.234913 0.051617 5.000000
0.703790 -0.257096 -0.120267 1.000000
0.603923 -0.608862 -0.187941 1.000000
0.454280 -0.752983 -0.148970 1.000000
0.154816 -0.507274 0.053285 0.000000
-0.649539 0.060480 -0.010047 4.000000
0.354736 -0.315584 0.079711 1.000000
0.351244 0.430308 0.027765 2.000000
-0.596006 0.521616 -0.145997 4.000000
-0.451240 0.112418 0.097839 4.000000
-0.697783 0.300176 -0.131256 4.000000
0.508125 0.466876 -0.077463 2.000000
0.204979 -0.008632 0.291161 1.000000
-0.648328 -0.230562 -0.065753 5.000000
0.150085 0.469607 0.077100 3.000000
-0.248536 -0.143051 0.220720 5.000000
0.306421 -0.776917 -0.153640 0.000000
-0.344283 -0.458322 0.039856 5.000000
-0.343435 0.349584 0.080746 4.000000
-0.003468 -0.358950 0.167420 0.000000
0.605081 -0.062072 0.012447 1.000000
0.603475 -0.095984 0.000678 1.000000
-0.443273 0.730089 -0.131882 4.000000
-0.098519 -0.586195 -0.012026 0.000000
-0.298373 0.176069 0.171149 4.000000
0.304241 -0.413939 0.074971 1.000000
0.855211 -0.083088 -0.155697 1.000000
0.104196 0.452561 0.085987 3.000000
0.713476 0.487864 -0.200067 2.000000
-0.645358 -0.394272 -0.125748 5.000000
0.254607 0.339940 0.132442 2.000000
0.462205 0.239697 0.036220 2.000000
-0.450744 0.330875 0.021837 4.000000
0.655828 -0.318273 -0.122914 1.000000
-0.495695 -0.305123 -0.003478 5.000000
0.658134 0.274078 -0.108882 2.000000
0.705563 -0.210670 -0.114519 1.000000
-0.797256 -0.080327 -0.112339 5.000000
0.552455 0.138026 0.004726 2.000000
0.300958 -0.217877 0.146917 1.000000
-0.846787 -0.077809 -0.145841 5.000000
-0.648863 -0.353204 -0.113005 5.000000
-0.349101 0.727066 -0.114436 3.000000
0.858443 0.133796 -0.181085 2.000000
-0.091555 0.522812 0.038930 3.000000
0.451963 -0.032369 0.117354 1.000000
0.604914 0.523142 -0.165762 2.000000
0.805071 0.257229 -0.194581 2.000000
0.856987 0.011327 -0.136103 2.000000
0.905636 -0.140665 -0.199682 1.000000
-0.394477 -0.779117 -0.154151 0.000000
-0.801986 0.200770 -0.159174 4.000000
0.459455 0.597706 -0.096132 2.000000
0.102348 0.450652 0.091577 3.000000
-0.195627 -0.152019 0.253596 5.000000
0.810860 -0.149273 -0.151039 1.000000
-0.152667 -0.302916 0.205889 0.000000
0.154860 -0.415531 0.120775 0.000000
0.354009 -0.380482 0.057800 1.000000
0.304326 0.348324 0.100397 2.000000
-0.453154 0.287874 0.026998 4.000000
-0.833969 -0.070767 -0.135562 5.000000
0.103860 -0.399413 0.139981 0.000000
-0.751076 -0.172338 -0.111447 5.000000
-0.345002 0.562838 -0.004157 4.000000
0.200651 0.369765 0.137442 3.000000
0.097755 0.824980 -0.187934 3.000000
0.655016 -0.019114 -0.007115 1.000000
0.602675 0.216759 -0.046625 2.000000
-0.296317 0.483509 0.051130 4.000000
-0.595751 -0.151136 -0.005500 5.000000
-0.194838 -0.791174 -0.156267 0.000000
-0.145993 -0.825498 -0.179507 0.000000
0.708747 -0.250352 -0.124497 1.000000
0.256507 -0.344414 0.135104 1.000000
-0.048417 0.777593 -0.150194 3.000000
-0.197895 -0.077255 0.272864 5.000000
-0.293073 -0.116573 0.198903 5.000000
-0.294574 -0.063192 0.222197 5.000000
0.302962 0.015593 0.220633 2.000000
0.357182 -0.622942 -0.035238 1.000000
-0.701575 -0.370990 -0.152443 5.000000
0.358290 0.372258 0.054574 2.000000
0.502235 -0.554739 -0.108764 1.000000
-0.350492 0.714591 -0.106483 3.000000
0.460928 0.755543 -0.152680 2.000000
-0.097682 0.833434 -0.194985 3.000000
0.398075 0.378547 0.024028 2.000000
0.157619 0.666217 -0.072768 3.000000
0.104888 -0.062304 0.337624 1.000000
-0.298669 -0.318770 0.123607 5.000000
0.106828 -0.752222 -0.125736 0.000000
0.194744 0.493667 0.056284 3.000000
-0.643698 0.082096 -0.020157 4.000000
0.452039 0.146795 0.069301 2.000000
0.013027 0.792909 -0.164552 3.000000
-0.397913 -0.791019 -0.157781 0.000000
-0.643322 -0.036662 0.002927 5.000000
0.451709 -0.076206 0.101799 1.000000
-0.148904 -0.692679 -0.089961 0.000000
0.256865 0.355366 0.126715 2.000000
0.459360 -0.094891 0.095471 1.000000
-0.049734 -0.556048 0.022679 0.000000
-0.338742 0.339589 0.084023 4.000000
-0.800444 0.271799 -0.188209 4.000000
0.451933 0.112530 0.090002 2.000000
0.859733 0.161687 -0.188936 2.000000
-0.551812 -0.219710 0.000170 5.000000
0.554362 -0.595864 -0.155386 1.000000
0.608037 0.348477 -0.095659 2.000000
0.406066 0.243954 0.068394 2.000000
0.101765 -0.593693 -0.006341 0.000000
0.403753 -0.370584 0.025829 1.000000
0.202241 -0.166101 0.229089 1.000000
0.260520 -0.254326 0.162695 1.000000
0.354159 0.598889 -0.032803 2.000000
0.602489 -0.670174 -0.199756 1.000000
0.258687 0.755160 -0.137355 3.000000
-0.442867 -0.763279 -0.137105 5.000000
-0.042868 -0.807693 -0.177305 0.000000
-0.094259 -0.720971 -0.109929 0.000000
0.253712 -0.585804 -0.004168 0.000000
0.452457 0.712566 -0.137915 2.000000
0.155541 -0.636759 -0.042338 0.000000
0.401168 0.376951 0.023588 2.000000
0.457273 0.674523 -0.121681 2.000000
0.651105 -0.076625 -0.025784 1.000000
0.151862 -0.256267 0.226223 1.000000
0.006236 -0.063666 0.386058 0.000000
0.357450 -0.370529 0.055181 1.000000
-0.150214 -0.503439 0.056654 0.000000
-0.245864 -0.499906 0.060413 0.000000
0.013027 0.792909 -0.164552 3.000000
0.053589 -0.255060 0.245093 0.000000
0.509905 -0.070319 0.067022 1.000000
0.609041 -0.285663 -0.070279 1.000000
0.402791 -0.048282 0.144932 1.000000
0.954186 -0.016957 -0.199636 1.000000
0.156458 -0.172926 0.266952 1.000000
0.507965 0.216803 0.010443 2.000000
0.201490 -0.279879 0.184011 1.000000
-0.147743 0.801562 -0.171106 3.000000
0.203505 0.051717 0.264422 2.000000
0.399229 -0.587446 -0.052703 1.000000
-0.353944 0.084707 0.177379 4.000000
0.066555 -0.630538 -0.044348 0.000000
0.902492 -0.164148 -0.205185 1.000000
0.305937 0.513802 0.028945 2.000000
0.109490 0.267689 0.223121 3.000000
0.805515 -0.302578 -0.199902 1.000000
-0.544757 0.288475 -0.034915 4.000000
-0.294519 0.182113 0.169633 4.000000
-0.049700 -0.801539 -0.163521 0.000000
0.706342 -0.487524 -0.194505 1.000000
-0.650258 0.189071 -0.055612 4.000000
0.411478 -0.312979 0.048439 1.000000
-0.496697 0.069416 0.085055 4.000000
0.453984 0.690226 -0.132385 2.000000
-0.702343 0.253305 -0.113571 4.000000
-0.149844 0.451388 0.091649 3.000000
0.008750 0.058678 0.378980 3.000000
0.304890 0.325063 0.106244 2.000000
0.555263 0.578355 -0.157840 2.000000
-0.696324 -0.554253 -0.200046 5.000000
0.250765 -0.131029 0.213944 1.000000
-0.199390 0.308935 0.189679 4.000000
0.254490 -0.430617 0.100596 1.000000
-0.145394 -0.436158 0.111988 0.000000
0.459360 -0.094891 0.095471 1.000000
0.153514 -0.372197 0.152699 0.000000
-0.898297 0.086891 -0.184408 4.000000
-0.139278 0.159118 0.279884 4.000000
0.559153 -0.261926 -0.031467 1.000000
-0.094141 0.469106 0.070943 3.000000
-0.751580 -0.074511 -0.069273 5.000000
-0.198077 0.251208 0.213257 4.000000
-0.798203 -0.372632 -0.202147 5.000000
-0.245035 -0.456861 0.084123 0.000000
0.358171 0.697613 -0.089767 3.000000
0.099773 -0.308548 0.197036 0.000000
-0.642584 -0.027460 0.007656 5.000000
0.597762 -0.523013 -0.159880 1.000000
-0.801863 -0.129158 -0.126133 5.000000
-0.499215 0.344599 -0.019406 4.000000
-0.193304 -0.195597 0.236110 5.000000
0.654022 0.036719 -0.017017 2.000000
-0.344712 -0.525734 0.011946 5.000000
0.005276 0.466167 0.079759 3.000000
-0.854867 0.228289 -0.202904 4.000000
0.607428 0.163511 -0.033279 2.000000
0.249178 0.406381 0.110961 2.000000
0.304097 -0.393767 0.083269 1.000000
-0.296317 0.483509 0.051130 4.000000
0.151862 -0.256267 0.226223 1.000000
0.050103 -0.696118 -0.094826 0.000000
0.105112 -0.687007 -0.081327 0.000000
-0.648140 -0.327875 -0.101618 5.000000
0.150822 -0.763909 -0.135619 0.000000
0.353964 -0.360905 0.056517 1.000000
0.304812 0.424454 0.069108 2.000000
-0.848221 0.065243 -0.142148 4.000000
-0.295629 -0.265835 0.143444 5.000000
0.351935 0.818268 -0.188184 3.000000
0.209708 0.132597 0.242630 2.000000
-0.343482 -0.682328 -0.075110 0.000000
0.449825 -0.120966 0.082093 1.000000
-0.396598 0.584810 -0.040762 4.000000
-0.498892 -0.430782 -0.043619 5.000000
0.609550 -0.348699 -0.088655 1.000000
0.661846 0.084140 -0.031678 2.000000
0.256133 0.667904 -0.069091 3.000000
-0.698749 -0.303178 -0.132960 5.000000
-0.793020 -0.269364 -0.174444 5.000000
-0.643322 -0.036662 0.002927 5.000000
0.001391 -0.168554 0.304315 0.000000
0.552096 0.292982 -0.043230 2.000000
-0.745956 0.065826 -0.081420 4.000000
-0.194697 0.231259 0.215656 4.000000
-0.100751 -0.252825 0.240924 0.000000
0.305812 0.679567 -0.081659 3.000000
-0.402215 0.227221 0.089573 4.000000
-0.848221 0.065243 -0.142148 4.000000
-0.394862 0.310057 0.054301 4.000000
-0.545579 0.537199 -0.125550 4.000000
0.555963 -0.563193 -0.136408 1.000000
-0.139278 0.159118 0.279884 4.000000
-0.396980 -0.772145 -0.143733 0.000000
0.504072 0.518045 -0.095042 2.000000
-0.492328 0.262687 0.008062 4.000000
0.656800 -0.157453 -0.055665 1.000000
0.150607 0.005162 0.319035 2.000000
-0.596545 -0.594057 -0.173349 5.000000
0.857663 0.114405 -0.178880 2.000000
0.910426 -0.000220 -0.166115 2.000000
0.558984 -0.152187 0.011212 1.000000
-0.599342 0.689173 -0.195355 4.000000
-0.441725 0.506052 -0.042338 4.000000
0.803629 0.004619 -0.102128 2.000000
-0.599342 0.689173 -0.195355 4.000000
-0.501228 -0.631113 -0.121100 5.000000
0.005276 0.466167 0.079759 3.000000
0.502464 -0.348276 -0.029469 1.000000
-0.344712 -0.525734 0.011946 5.000000
0.263152 0.329386 0.128956 2.000000
-0.245420 0.694382 -0.085308 3.000000
0.051945 0.826496 -0.189384 3.000000
-0.046045 -0.457331 0.092875 0.000000
-0.447025 -0.765966 -0.137334 5.000000
-0.196420 -0.152256 0.249084 5.000000
-0.247191 -0.490693 0.067330 0.000000
0.750644 -0.016042 -0.076249 1.000000
-0.548006 0.127625 0.031712 4.000000
0.459840 0.129058 0.078396 2.000000
-0.093179 -0.096762 0.331119 5.000000
-0.496440 -0.521043 -0.075157 5.000000
-0.151193 0.554390 0.011580 3.000000
0.906672 -0.078175 -0.180469 1.000000
-0.246686 0.808443 -0.178245 3.000000
0.046315 -0.278636 0.215117 0.000000
0.749938 0.164406 -0.119800 2.000000
-0.198559 0.661811 -0.063795 3.000000
-0.550776 0.238094 -0.011212 4.000000
-0.245864 -0.499906 0.060413 0.000000
-0.096864 -0.253377 0.244431 0.000000
-0.744861 0.107812 -0.088703 4.000000
-0.700968 -0.266704 -0.116952 5.000000
0.607244 -0.241088 -0.059360 1.000000
-0.752389 0.126405 -0.096295 4.000000
0.404085 0.732170 -0.122882 3.000000
-0.446311 0.492788 -0.039976 4.000000
-0.248029 -0.191538 0.203217 5.000000
-0.697783 0.300176 -0.131256 4.000000
-0.395577 -0.348680 0.053124 5.000000
0.805999 0.225716 -0.180797 2.000000
0.554470 -0.013107 0.056564 1.000000
-0.499027 -0.182088 0.039909 5.000000
-0.898297 0.086891 -0.184408 4.000000
0.210239 0.594479 -0.014518 3.000000
0.203831 0.593978 -0.024368 3.000000
-0.647044 -0.250542 -0.081059 5.000000
-0.647385 -0.318180 -0.101238 5.000000
-0.292636 -0.504953 0.052921 0.000000
-0.593529 -0.699325 -0.195154 5.000000
-0.550776 0.238094 -0.011212 4.000000
-0.295431 0.767278 -0.154485 3.000000
-0.091278 0.761754 -0.140137 3.000000
-0.246953 0.686294 -0.088315 3.000000
0.010433 -0.485615 0.073757 0.000000
-0.444960 -0.647376 -0.090249 5.000000
-0.344348 0.615646 -0.041932 3.000000
0.362594 -0.566660 -0.020421 1.000000
-0.599017 0.032157 0.031537 4.000000
0.650991 0.309582 -0.118131 2.000000
0.603743 -0.557147 -0.168704 1.000000
0.706853 -0.464650 -0.205054 1.000000
-0.594685 -0.631459 -0.186941 5.000000
0.503732 -0.630844 -0.136253 1.000000
-0.500949 -0.730386 -0.154599 5.000000
-0.145050 -0.052952 0.317498 5.000000
0.050871 0.285743 0.215229 3.000000
-0.651990 0.418347 -0.143928 4.000000
-0.444587 -0.686907 -0.110944 5.000000
-0.391061 0.021485 0.167403 4.000000
-0.398579 0.150560 0.126652 4.000000
0.508125 0.466876 -0.077463 2.000000
-0.247938 -0.553530 0.013309 0.000000
0.253649 -0.334186 0.139055 1.000000
-0.141278 0.613625 -0.026850 3.000000
0.009287 0.213427 0.259955 3.000000
0.006236 -0.063666 0.386058 0.000000
-0.198487 -0.019373 0.301786 5.000000
-0.894350 -0.109315 -0.185962 5.000000
-0.250838 0.284071 0.162335 4.000000
-0.296077 0.158852 0.176318 4.000000
0.554474 -0.307278 -0.041003 1.000000
0.501398 0.024990 0.085736 2.000000
-0.343482 -0.682328 -0.075110 0.000000
0.159509 0.084952 0.290922 2.000000
0.600597 -0.543308 -0.166521 1.000000
-0.297367 0.479547 0.054631 4.000000
-0.198084 0.396295 0.125685 3.000000
-0.091278 0.761754 -0.140137 3.000000
-0.100597 0.705190 -0.097783 3.000000
-0.295729 -0.295798 0.127721 5.000000
-0.447685 0.052638 0.124106 4.000000
-0.651233 0.095660 -0.015810 4.000000
-0.052734 -0.788821 -0.151729 0.000000
0.657348 -0.103943 -0.038530 1.000000
-0.200016 0.298650 0.193249 4.000000
-0.701002 -0.362258 -0.154208 5.000000
0.550003 0.388566 -0.083422 2.000000
-0.599017 0.032157 0.031537 4.000000
0.206602 -0.261366 0.192843 1.000000
0.510778 0.029969 0.090382 2.000000
-0.144961 -0.452671 0.091467 0.000000
0.257395 -0.179369 0.191349 1.000000
-0.496000 -0.788349 -0.178385 5.000000
0.151807 0.831400 -0.190904 3.000000
-0.049635 -0.442107 0.108707 0.000000
-0.597674 -0.099764 0.011569 5.000000
0.554470 -0.480180 -0.114671 1.000000
-0.152060 0.079047 0.303239 4.000000
0.553092 -0.735225 -0.191243 1.000000
0.603923 -0.608862 -0.187941 1.000000
-0.900491 -0.045812 -0.165379 5.000000
-0.602000 -0.649721 -0.198044 5.000000
0.364393 0.198514 0.119438 2.000000
-0.453765 0.079293 0.115290 4.000000
0.308397 -0.534964 0.021645 1.000000
-0.751076 -0.172338 -0.111447 5.000000
0.100224 0.400028 0.128986 3.000000
-0.040001 0.575859 -0.008100 3.000000
0.352833 0.397274 0.038486 2.000000
-0.803292 0.179771 -0.157185 4.000000
-0.449640 0.678489 -0.108935 4.000000
-0.799846 -0.208501 -0.165339 5.000000
0.805999 0.225716 -0.180797 2.000000
0.403499 0.167602 0.101173 2.000000
-0.249813 0.402589 0.126159 4.000000
-0.391488 0.825009 -0.196799 3.000000
0.302679 -0.290485 0.120436 1.000000
0.608768 0.473543 -0.140190 2.000000
-0.150214 -0.503439 0.056654 0.000000
-0.445015 -0.641376 -0.090894 5.000000
0.052230 -0.721809 -0.103253 0.000000
0.303171 -0.571728 0.009261 0.000000
-0.497809 0.140637 0.049667 4.000000
0.205619 0.194400 0.214367 2.000000
-0.551029 0.093419 0.042866 4.000000
-0.496522 0.624178 -0.121077 4.000000
-0.598605 -0.680449 -0.192365 5.000000
-0.447797 -0.210903 0.071094 5.000000
0.305871 -0.266182 0.130863 1.000000
-0.598446 -0.123809 0.001963 5.000000
0.353182 0.318492 0.063022 2.000000
0.001492 -0.392792 0.144154 0.000000
-0.241826 0.224974 0.193501 4.000000
0.507506 -0.123336 0.040877 1.000000
-0.448664 -0.234913 0.051617 5.000000
-0.146255 -0.787159 -0.156248 0.000000
0.206594 -0.125980 0.245395 1.000000
-0.803081 0.000222 -0.083440 4.000000
-0.299204 0.813475 -0.181831 3.000000
-0.399367 0.479469 -0.009493 4.000000
0.555963 -0.563193 -0.136408 1.000000
-0.147384 0.538976 0.023277 3.000000
0.302615 -0.300415 0.124645 1.000000
0.252089 0.283352 0.146653 2.000000
0.855211 -0.083088 -0.155697 1.000000
0.305812 0.679567 -0.081659 3.000000
-0.241152 0.418793 0.106344 3.000000
-0.603205 0.138024 -0.009622 4.000000
-0.643322 -0.036662 0.002927 5.000000
0.256678 0.679747 -0.084490 3.000000
-0.491603 -0.429698 -0.047807 5.000000
0.354053 -0.245191 0.102682 1.000000
0.609485 0.275919 -0.074099 2.000000
0.052961 -0.767276 -0.144431 0.000000
-0.142067 -0.329346 0.196025 0.000000
0.811325 0.126170 -0.146591 2.000000
-0.901381 0.111315 -0.186535 4.000000
0.554362 -0.595864 -0.155386 1.000000
0.005807 0.334490 0.175675 3.000000
-0.195752 0.198973 0.228440 4.000000
-0.705543 0.233690 -0.107694 4.000000
0.207875 -0.383296 0.146499 0.000000
-0.046500 0.078094 0.361672 3.000000
-0.044193 0.276900 0.214100 3.000000
-0.453154 0.287874 0.026998 4.000000
0.157518 0.398730 0.126664 3.000000
-0.243412 0.023872 0.264866 4.000000
-0.501175 0.524920 -0.087424 4.000000
0.460226 -0.416237 -0.021641 1.000000
0.657348 -0.103943 -0.038530 1.000000
-0.447342 -0.082263 0.119199 5.000000
-0.149844 0.451388 0.091649 3.000000
0.198290 -0.192438 0.225109 1.000000
-0.746660 -0.041658 -0.062852 5.000000
0.553098 -0.286703 -0.037001 1.000000
-0.096593 -0.416800 0.123973 0.000000
0.106469 0.755693 -0.130922 3.000000
0.655170 0.287786 -0.108834 2.000000
0.058919 -0.300248 0.207521 0.000000
0.256865 0.355366 0.126715 2.000000
0.100215 0.382097 0.133159 3.000000
-0.648328 -0.230562 -0.065753 5.000000
0.558924 -0.001841 0.059407 1.000000
0.857528 -0.236439 -0.205039 1.000000
0.602675 0.216759 -0.046625 2.000000
0.547375 0.535084 -0.146240 2.000000
-0.697833 0.321226 -0.133129 4.000000
-0.401756 -0.342773 0.049678 5.000000
-0.243921 -0.848083 -0.192545 0.000000
-0.397824 0.592729 -0.052559 4.000000
0.752475 0.064640 -0.083055 2.000000
0.055088 -0.231156 0.265316 0.000000
0.400952 -0.369943 0.023336 1.000000
-0.003468 -0.358950 0.167420 0.000000
-0.446395 0.842258 -0.203435 3.000000
0.853044 0.112327 -0.174117 2.000000
-0.398714 0.711414 -0.107942 3.000000
0.054107 -0.544949 0.027734 0.000000
0.399806 -0.527599 -0.030285 1.000000
-0.551812 -0.219710 0.000170 5.000000
-0.002472 0.531932 0.025203 3.000000
0.253347 0.207869 0.174472 2.000000
0.153886 -0.591006 -0.002544 0.000000
0.663199 -0.497321 -0.172396 1.000000
-0.042868 -0.807693 -0.177305 0.000000
-0.101806 -0.390932 0.147594 0.000000
0.100968 -0.821257 -0.174628 0.000000
-0.247547 0.755727 -0.139308 3.000000
-0.346955 0.426890 0.055466 4.000000
-0.395978 0.221406 0.093689 4.000000
-0.447034 0.183904 0.069884 4.000000
-0.697224 -0.054590 -0.038080 5.000000
0.110944 0.292158 0.207038 3.000000
0.248622 -0.154313 0.209853 1.000000
0.352692 -0.617411 -0.036598 1.000000
-0.751076 -0.172338 -0.111447 5.000000
-0.096193 0.249971 0.239795 3.000000
-0.550488 0.444435 -0.084685 4.000000
-0.694129 0.360100 -0.160897 4.000000
0.355157 0.595710 -0.030799 2.000000
-0.644264 0.386141 -0.132947 4.000000
0.403070 0.084885 0.131956 2.000000
0.553252 0.612580 -0.161493 2.000000
-0.300790 -0.356286 0.111322 5.000000
0.153552 0.163294 0.259695 2.000000
0.762891 0.017502 -0.069679 2.000000
0.304362 0.828732 -0.197431 3.000000
0.048919 -0.236917 0.253317 0.000000
0.204979 -0.008632 0.291161 1.000000
0.152065 0.670362 -0.076932 3.000000
0.056484 0.654697 -0.062776 3.000000
-0.894565 -0.174376 -0.196600 5.000000
0.151807 0.831400 -0.190904 3.000000
0.509671 0.193569 0.022457 2.000000
-0.602674 0.015564 0.030402 4.000000
-0.293162 -0.149026 0.193926 5.000000
0.104923 -0.228777 0.268016 0.000000
0.105112 -0.687007 -0.081327 0.000000
0.653248 -0.129815 -0.044519 1.000000
-0.446858 0.528465 -0.055468 4.000000
-0.495774 0.330130 -0.013281 4.000000
-0.253669 0.072498 0.244101 4.000000
0.204571 0.138229 0.236922 2.000000
0.505821 -0.445693 -0.062451 1.000000
0.455808 0.305220 0.010684 2.000000
0.006175 -0.507263 0.047674 0.000000
-0.402858 -0.352861 0.044192 5.000000
0.102425 -0.144434 0.303503 1.000000
0.149729 0.689190 -0.083558 3.000000
-0.901381 0.111315 -0.186535 4.000000
0.358290 0.372258 0.054574 2.000000
-0.301587 0.633886 -0.048840 3.000000
-0.195627 -0.152019 0.253596 5.000000
0.459360 -0.094891 0.095471 1.000000
-0.497048 0.744304 -0.156563 4.000000
-0.047468 0.560434 0.014030 3.000000
-0.245984 -0.715623 -0.104337 0.000000
-0.201654 -0.168465 0.241795 5.000000
0.703841 0.294737 -0.142723 2.000000
0.200089 0.622614 -0.041997 3.000000
0.001338 0.583531 -0.019137 3.000000
-0.346653 0.403157 0.061238 4.000000
-0.150214 -0.503439 0.056654 0.000000
-0.596702 -0.448405 -0.125300 5.000000
0.306421 -0.776917 -0.153640 0.000000
-0.352037 0.372241 0.064749 4.000000
-0.051954 0.370203 0.149139 3.000000
0.102511 -0.180919 0.282411 1.000000
-0.399877 -0.415034 0.022267 5.000000
0.602295 0.315395 -0.088638 2.000000
-0.098500 0.066632 0.343241 4.000000
0.354009 -0.380482 0.057800 1.000000
-0.348450 -0.686901 -0.083490 0.000000
-0.200225 -0.610526 -0.020598 0.000000
-0.296999 0.783449 -0.166580 3.000000
-0.600524 0.255330 -0.044929 4.000000
0.308907 -0.270839 0.121772 1.000000
0.304890 0.325063 0.106244 2.000000
-0.800819 0.008344 -0.087109 4.000000
-0.699816 0.511225 -0.197395 4.000000
0.903397 -0.167015 -0.202893 1.000000
-0.245864 -0.499906 0.060413 0.000000
0.554254 -0.455481 -0.106751 1.000000
0.357182 -0.622942 -0.035238 1.000000
0.404398 0.496764 -0.026040 2.000000
0.503083 -0.467810 -0.069609 1.000000
-0.345002 0.562838 -0.004157 4.000000
0.005640 0.376050 0.144765 3.000000
0.252564 0.843085 -0.210637 3.000000
0.100594 0.621324 -0.038953 3.000000
-0.344283 -0.458322 0.039856 5.000000
0.109486 -0.230623 0.259858 0.000000
0.860902 -0.008592 -0.133019 1.000000
0.351789 0.304263 0.080831 2.000000
0.248622 -0.154313 0.209853 1.000000
-0.249538 0.660016 -0.062461 3.000000
0.204452 0.797010 -0.170457 3.000000
-0.646493 -0.213161 -0.066759 5.000000
-0.698603 0.407821 -0.168324 4.000000
-0.197517 0.808230 -0.178146 3.000000
0.056278 -0.141517 0.321955 0.000000
0.258687 0.755160 -0.137355 3.000000
-0.145642 0.147749 0.281079 4.000000
0.001492 -0.392792 0.144154 0.000000
-0.701647 0.254795 -0.116053 4.000000
-0.599017 0.032157 0.031537 4.000000
-0.598943 -0.458540 -0.118470 5.000000
0.057777 -0.541266 0.025694 0.000000
-0.653216 -0.002182 0.005189 4.000000
-0.336429 -0.370749 0.076015 5.000000
0.001725 -0.164450 0.306105 0.000000
-0.402858 -0.352861 0.044192 5.000000
-0.900491 -0.045812 -0.165379 5.000000
-0.094944 0.807725 -0.177911 3.000000
-0.295629 -0.265835 0.143444 5.000000
-0.091555 0.522812 0.038930 3.000000
-0.150510 -0.266774 0.232945 0.000000
-0.090494 0.701968 -0.097014 3.000000
0.502827 -0.451925 -0.074288 1.000000
-0.697827 0.203924 -0.091887 4.000000
-0.802434 -0.277596 -0.182958 5.000000
-0.647385 -0.318180 -0.101238 5.000000
0.152494 -0.330535 0.186078 0.000000
0.462205 0.239697 0.036220 2.000000
-0.551029 0.093419 0.042866 4.000000
-0.800770 -0.209484 -0.156775 5.000000
0.607593 -0.116124 -0.011263 1.000000
-0.296968 0.375976 0.093099 4.000000
-0.801863 -0.129158 -0.126133 5.000000
-0.749958 -0.209854 -0.127510 5.000000
-0.641028 -0.537926 -0.182537 5.000000
-0.094278 -0.439892 0.108648 0.000000
-0.854867 0.228289 -0.202904 4.000000
0.150822 -0.763909 -0.135619 0.000000
-0.903106 0.007456 -0.151293 4.000000
-0.150542 0.839379 -0.208223 3.000000
0.505242 0.800875 -0.198111 2.000000
0.502235 -0.554739 -0.108764 1.000000
-0.745956 0.065826 -0.081420 4.000000
0.650991 0.309582 -0.118131 2.000000
0.151807 0.831400 -0.190904 3.000000
-0.000979 -0.819629 -0.172736 0.000000
0.106393 0.509466 0.044668 3.000000
-0.245944 0.414639 0.114629 3.000000
-0.642356 -0.111687 -0.029302 5.000000
0.155917 0.565762 0.006635 3.000000
-0.643611 -0.160150 -0.041838 5.000000
0.003650 -0.010780 0.409230 2.000000
0.860261 0.095150 -0.170548 2.000000
0.150822 -0.763909 -0.135619 0.000000
0.155378 0.510316 0.041526 3.000000
0.305233 -0.811294 -0.173939 0.000000
-0.751580 -0.074511 -0.069273 5.000000
-0.603590 -0.435632 -0.115764 5.000000
-0.299891 -0.674540 -0.067089 0.000000
-0.344131 0.807934 -0.178245 3.000000
-0.544159 0.489035 -0.102676 4.000000
0.552455 0.138026 0.004726 2.000000
-0.547892 -0.557492 -0.120392 5.000000
0.304241 -0.413939 0.074971 1.000000
0.554470 -0.013107 0.056564 1.000000
-0.245574 -0.418586 0.116085 5.000000
0.902492 -0.164148 -0.205185 1.000000
0.703841 0.294737 -0.142723 2.000000
0.257395 -0.179369 0.191349 1.000000
0.511305 0.218737 0.009906 2.000000
-0.043479 -0.021147 0.397791 5.000000
0.108154 0.556616 0.007039 3.000000
-0.049700 -0.801539 -0.163521 0.000000
-0.094944 0.807725 -0.177911 3.000000
0.406971 -0.781751 -0.155105 0.000000
-0.394294 -0.355460 0.045691 5.000000
-0.446858 0.528465 -0.055468 4.000000
0.402485 0.047121 0.143581 2.000000
0.300214 -0.278940 0.125146 1.000000
0.152226 0.751467 -0.140410 3.000000
-0.294856 -0.230012 0.152492 5.000000
0.708792 -0.196825 -0.101811 1.000000
0.304803 0.460753 0.054297 2.000000
-0.702343 0.253305 -0.113571 4.000000
-0.149844 0.451388 0.091649 3.000000
0.357146 0.068342 0.165580 2.000000
0.659436 -0.276101 -0.099029 1.000000
-0.747282 -0.160615 -0.110083 5.000000
0.605123 -0.250438 -0.057629 1.000000
0.399229 -0.587446 -0.052703 1.000000
0.251121 -0.369368 0.126992 1.000000
0.504994 -0.279367 -0.001521 1.000000
0.601777 -0.239959 -0.063561 1.000000
0.154110 0.698209 -0.100403 3.000000
-0.495793 0.099935 0.066415 4.000000
0.358888 -0.077868 0.167671 1.000000
-0.148214 0.110344 0.288734 4.000000
0.049685 0.074454 0.352478 2.000000
0.345641 -0.829536 -0.189323 0.000000
0.607593 -0.116124 -0.011263 1.000000
0.451700 0.363850 -0.008812 2.000000
0.555284 0.377589 -0.081404 2.000000
-0.401524 -0.777481 -0.149373 0.000000
-0.551966 -0.421503 -0.084141 5.000000
-0.694231 -0.552997 -0.196807 5.000000
-0.399274 -0.755160 -0.131091 0.000000
-0.704368 0.213328 -0.100798 4.000000
0.049186 0.688298 -0.087520 3.000000
-0.547429 0.655576 -0.171227 4.000000
0.501457 -0.035384 0.080694 1.000000
0.304799 0.636087 -0.047836 3.000000
-0.699816 0.511225 -0.197395 4.000000
0.254260 0.371433 0.125493 2.000000
-0.396809 0.786876 -0.159783 3.000000
0.403009 -0.616806 -0.063077 1.000000
0.452022 -0.680041 -0.121901 1.000000
0.750644 -0.016042 -0.076249 1.000000
-0.394477 -0.779117 -0.154151 0.000000
-0.197517 0.808230 -0.178146 3.000000
-0.598391 -0.568622 -0.166643 5.000000
-0.245420 0.694382 -0.085308 3.000000
0.454931 0.801943 -0.171753 3.000000
0.700788 -0.434239 -0.193010 1.000000
-0.440956 0.274678 0.043862 4.000000
-0.147384 0.538976 0.023277 3.000000
0.461182 -0.211840 0.053638 1.000000
-0.301690 0.192810 0.168248 4.000000
-0.145181 0.223756 0.248222 4.000000
0.006498 -0.008852 0.403057 2.000000
-0.255198 -0.659452 -0.050073 0.000000
-0.496697 0.069416 0.085055 4.000000
0.408829 -0.763183 -0.137723 0.000000
-0.043612 0.260051 0.223261 3.000000
-0.297841 -0.012109 0.236199 5.000000
0.458730 0.155865 0.067591 2.000000
0.105974 -0.773843 -0.148557 0.000000
-0.043479 -0.021147 0.397791 5.000000
0.656800 -0.157453 -0.055665 1.000000
-0.350492 0.714591 -0.106483 3.000000
-0.243720 0.831240 -0.199502 3.000000
0.657320 -0.065171 -0.023030 1.000000
0.210239 0.594479 -0.014518 3.000000
-0.139278 0.159118 0.279884 4.000000
0.051945 0.826496 -0.189384 3.000000
0.202241 -0.166101 0.229089 1.000000
0.861194 -0.074107 -0.161863 1.000000
-0.143878 0.558189 0.013079 3.000000
-0.891145 0.066547 -0.171136 4.000000
0.254615 0.242523 0.165919 2.000000
0.859164 0.178832 -0.199376 2.000000
-0.093238 0.748837 -0.128047 3.000000
0.401855 0.175974 0.089977 2.000000
-0.102015 -0.440484 0.106321 0.000000
-0.342238 0.275126 0.100627 4.000000
-0.795085 0.193117 -0.153965 4.000000
-0.598391 -0.568622 -0.166643 5.000000
-0.497070 0.374829 -0.035513 4.000000
0.657348 -0.103943 -0.038530 1.000000
0.153972 -0.308618 0.202896 0.000000
-0.903106 0.007456 -0.151293 4.000000
-0.042868 -0.807693 -0.177305 0.000000
0.807648 0.040465 -0.113747 2.000000
0.004800 0.813221 -0.181004 3.000000
-0.301437 -0.101182 0.206991 5.000000
0.806934 -0.111674 -0.141820 1.000000
-0.488909 0.232836 0.027292 4.000000
0.260528 0.130627 0.207807 2.000000
-0.544461 -0.791000 -0.195767 5.000000
0.951917 0.027758 -0.190253 1.000000
-0.744861 0.107812 -0.088703 4.000000
0.459455 0.597706 -0.096132 2.000000
0.606751 0.205030 -0.044297 2.000000
0.369351 0.282910 0.083970 2.000000
0.254603 0.640019 -0.054703 3.000000
0.155076 0.829189 -0.190279 3.000000
0.450299 -0.381067 -0.009039 1.000000
-0.846787 -0.077809 -0.145841 5.000000
-0.096193 0.249971 0.239795 3.000000
-0.491518 0.092836 0.082820 4.000000
-0.145084 0.537158 0.024914 3.000000
0.049685 0.074454 0.352478 2.000000
-0.047738 -0.805596 -0.169903 0.000000
-0.298669 -0.318770 0.123607 5.000000
-0.502974 0.271885 0.009014 4.000000
-0.199390 0.308935 0.189679 4.000000
0.103431 0.221162 0.254213 3.000000
-0.598740 -0.211985 -0.032634 5.000000
0.552096 0.292982 -0.043230 2.000000
-0.296486 -0.481611 0.064032 5.000000
-0.396980 -0.772145 -0.143733 0.000000
-0.745776 0.358487 -0.181791 4.000000
0.358290 0.372258 0.054574 2.000000
0.662058 0.043220 -0.029871 2.000000
0.100243 -0.594260 -0.013379 0.000000
-0.551778 -0.808465 -0.204758 5.000000
-0.049734 -0.556048 0.022679 0.000000
-0.844409 -0.083976 -0.144035 5.000000
-0.290029 0.684119 -0.085234 3.000000
0.253943 0.015845 0.255074 2.000000
-0.293162 -0.149026 0.193926 5.000000
0.504130 -0.797670 -0.201422 1.000000
-0.091555 0.522812 0.038930 3.000000
0.052843 -0.097963 0.344024 1.000000
0.504823 0.660475 -0.155143 2.000000
0.401168 0.376951 0.023588 2.000000
-0.346955 0.426890 0.055466 4.000000
0.509905 -0.070319 0.067022 1.000000
0.302962 0.015593 0.220633 2.000000
-0.242576 0.756989 -0.132721 3.000000
0.152494 -0.330535 0.186078 0.000000
0.001200 0.549111 0.017533 3.000000
0.403890 -0.147007 0.112367 1.000000
0.708984 -0.326340 -0.146403 1.000000
-0.294856 -0.230012 0.152492 5.000000
-0.050060 0.388065 0.133467 3.000000
0.398884 0.621358 -0.068816 2.000000
0.506244 -0.341350 -0.025843 1.000000
0.001200 0.549111 0.017533 3.000000
0.752151 0.271454 -0.169696 2.000000
0.154748 0.679254 -0.087492 3.000000
0.050346 0.465110 0.074176 3.000000
0.203922 -0.265599 0.194251 1.000000
-0.747005 -0.277970 -0.148671 5.000000
0.107558 0.385297 0.136738 3.000000
-0.497791 0.363155 -0.025647 4.000000
0.199632 -0.284911 0.186637 1.000000
-0.199847 0.471480 0.073091 3.000000
0.609041 -0.285663 -0.070279 1.000000
0.198290 -0.192438 0.225109 1.000000
-0.246807 -0.318677 0.158063 5.000000
0.462438 0.582233 -0.085431 2.000000
0.055987 -0.211368 0.270547 0.000000
0.156596 -0.590928 -0.006462 0.000000
0.057689 0.564901 -0.002088 3.000000
0.307765 -0.394851 0.084647 1.000000
-0.599296 -0.523442 -0.149109 5.000000
0.458603 -0.322537 0.010802 1.000000
0.958128 -0.034291 -0.190590 2.000000
0.657348 -0.103943 -0.038530 1.000000
-0.090980 0.218632 0.262044 3.000000
0.655420 -0.579381 -0.200048 1.000000
0.104638 -0.101656 0.322762 1.000000
-0.150510 -0.266774 0.232945 0.000000
0.504028 -0.710156 -0.165975 1.000000
-0.593689 0.548568 -0.162897 4.000000
0.250911 -0.351502 0.127197 1.000000
0.502235 -0.554739 -0.108764 1.000000
-0.800770 -0.209484 -0.156775 5.000000
-0.095348 -0.496374 0.058187 0.000000
0.254140 0.454614 0.083008 3.000000
0.357598 0.516504 0.000316 2.000000
0.204232 -0.666574 -0.066941 0.000000
0.353434 -0.264954 0.094363 1.000000
-0.199196 0.514669 0.045380 3.000000
-0.140597 0.179191 0.274451 4.000000
0.154222 0.805737 -0.172909 3.000000
-0.656932 0.183179 -0.057180 4.000000
0.861194 -0.074107 -0.161863 1.000000
-0.151193 0.554390 0.011580 3.000000
-0.345137 -0.424501 0.057995 5.000000
-0.543522 0.283944 -0.023108 4.000000
0.401855 0.175974 0.089977 2.000000
0.097695 -0.530364 0.041830 0.000000
0.759200 -0.253546 -0.157963 1.000000
0.255252 -0.556380 0.016897 0.000000
0.109490 0.267689 0.223121 3.000000
-0.705543 0.233690 -0.107694 4.000000
0.500648 -0.312087 -0.018444 1.000000
-0.242576 0.756989 -0.132721 3.000000
0.605944 -0.378953 -0.103204 1.000000
-0.491518 0.092836 0.082820 4.000000
0.107048 0.623053 -0.043564 3.000000
-0.344710 0.589473 -0.012848 3.000000
-0.752647 0.376812 -0.194908 4.000000
-0.093872 0.619136 -0.037997 3.000000
0.156596 -0.590928 -0.006462 0.000000
-0.296999 0.783449 -0.166580 3.000000
0.651893 0.092375 -0.036794 2.000000
-0.802434 -0.277596 -0.182958 5.000000
-0.152400 -0.766760 -0.139008 0.000000
0.810606 0.117302 -0.145725 2.000000
0.154816 -0.507274 0.053285 0.000000
-0.247547 0.755727 -0.139308 3.000000
-0.499894 -0.065239 0.087239 5.000000
0.709417 0.209526 -0.109138 2.000000
0.305233 -0.811294 -0.173939 0.000000
0.758925 -0.007323 -0.070303 1.000000
-0.605044 -0.606906 -0.181087 5.000000
0.503083 -0.467810 -0.069609 1.000000
0.151387 0.713147 -0.099933 3.000000
-0.047738 -0.805596 -0.169903 0.000000
-0.343093 0.129933 0.161297 4.000000
-0.340915 -0.016854 0.202414 5.000000
0.304812 0.424454 0.069108 2.000000
0.399229 -0.587446 -0.052703 1.000000
0.101179 0.569060 -0.005487 3.000000
0.507582 -0.140601 0.046701 1.000000
0.257863 0.033512 0.245197 2.000000
-0.495774 0.330130 -0.013281 4.000000
0.250911 -0.351502 0.127197 1.000000
-0.694231 -0.552997 -0.196807 5.000000
0.661846 0.084140 -0.031678 2.000000
0.254615 0.242523 0.165919 2.000000
-0.702909 -0.255309 -0.106908 5.000000
0.359643 -0.147766 0.141511 1.000000
0.057056 -0.112666 0.344472 0.000000
-0.195447 0.018881 0.294820 4.000000
-0.051225 0.101395 0.347480 3.000000
0.358753 -0.236363 0.105069 1.000000
-0.146963 -0.032048 0.328498 5.000000
0.554362 -0.595864 -0.155386 1.000000
-0.753546 0.131771 -0.093892 4.000000
0.308101 -0.491894 0.044526 1.000000
0.656800 -0.157453 -0.055665 1.000000
-0.206580 0.785351 -0.163032 3.000000
0.909475 -0.048157 -0.176501 1.000000
-0.547903 -0.540103 -0.124064 5.000000
0.253712 -0.585804 -0.004168 0.000000
-0.596006 0.521616 -0.145997 4.000000
-0.091555 0.522812 0.038930 3.000000
0.355157 0.595710 -0.030799 2.000000
-0.296471 0.287701 0.138636 4.000000
0.550003 0.388566 -0.083422 2.000000
-0.549226 0.770016 -0.189981 4.000000
-0.250990 -0.512117 0.052843 0.000000
-0.495793 0.099935 0.066415 4.000000
0.106393 0.509466 0.044668 3.000000
-0.000647 0.787055 -0.155682 3.000000
-0.548797 -0.623081 -0.147809 5.000000
-0.399367 0.479469 -0.009493 4.000000
0.003650 -0.010780 0.409230 2.000000
-0.751229 -0.258696 -0.151557 5.000000
0.204232 -0.666574 -0.066941 0.000000
-0.395577 -0.348680 0.053124 5.000000
-0.694129 0.360100 -0.160897 4.000000
-0.798203 -0.372632 -0.202147 5.000000
-0.746153 -0.081714 -0.083471 5.000000
-0.496507 0.509889 -0.085186 4.000000
0.706684 0.223769 -0.125220 2.000000
-0.097432 0.396067 0.130157 3.000000
0.257395 -0.179369 0.191349 1.000000
-0.301437 -0.101182 0.206991 5.000000
0.104078 0.521721 0.031937 3.000000
-0.488909 0.232836 0.027292 4.000000
0.006524 -0.192085 0.285324 0.000000
-0.447021 -0.148905 0.086112 5.000000
-0.747296 0.031474 -0.060967 4.000000
0.250440 0.458455 0.092771 3.000000
0.902492 -0.164148 -0.205185 1.000000
-0.547892 -0.557492 -0.120392 5.000000
-0.037792 -0.562745 0.010904 0.000000
0.100594 0.621324 -0.038953 3.000000
0.602381 0.089442 -0.009155 2.000000
-0.442867 -0.763279 -0.137105 5.000000
0.959183 0.010632 -0.202397 2.000000
0.552455 0.138026 0.004726 2.000000
-0.705543 0.233690 -0.107694 4.000000
0.650991 0.309582 -0.118131 2.000000
-0.253680 0.336989 0.138108 4.000000
0.657227 0.105342 -0.046938 2.000000
-0.445754 0.276040 0.043319 4.000000
0.458603 -0.322537 0.010802 1.000000
-0.547892 -0.557492 -0.120392 5.000000
-0.797798 0.296567 -0.198807 4.000000
0.506212 0.749843 -0.180194 2.000000
0.801114 -0.177911 -0.166641 1.000000
-0.198084 0.396295 0.125685 3.000000
-0.501175 0.524920 -0.087424 4.000000
-0.296968 0.375976 0.093099 4.000000
0.205619 0.194400 0.214367 2.000000
-0.290052 -0.234972 0.152293 5.000000
0.753352 -0.205673 -0.141685 1.000000
0.807999 -0.078839 -0.122571 1.000000
-0.140597 0.179191 0.274451 4.000000
0.655016 -0.019114 -0.007115 1.000000
-0.246532 -0.557403 0.016366 0.000000
-0.145709 0.607929 -0.032733 3.000000
-0.554448 0.655881 -0.168316 4.000000
-0.446581 0.097742 0.108100 4.000000
-0.399748 0.775675 -0.156485 3.000000
0.509671 0.193569 0.022457 2.000000
0.402485 0.047121 0.143581 2.000000
0.210564 0.405411 0.124554 3.000000
-0.293082 0.250506 0.140989 4.000000
0.107558 0.385297 0.136738 3.000000
0.357450 -0.370529 0.055181 1.000000
-0.150214 -0.503439 0.056654 0.000000
-0.050743 -0.030540 0.393571 5.000000
-0.451426 -0.300997 0.032562 5.000000
0.857528 -0.236439 -0.205039 1.000000
-0.253669 0.072498 0.244101 4.000000
-0.048457 -0.042104 0.391584 5.000000
-0.598835 -0.527269 -0.151731 5.000000
-0.751076 -0.172338 -0.111447 5.000000
-0.248029 -0.191538 0.203217 5.000000
0.102348 0.450652 0.091577 3.000000
0.453984 0.690226 -0.132385 2.000000
-0.000417 0.172553 0.298266 3.000000
0.102907 0.841776 -0.200147 3.000000
0.556487 -0.241208 -0.015110 1.000000
-0.200016 0.298650 0.193249 4.000000
0.156458 -0.172926 0.266952 1.000000
0.252089 0.283352 0.146653 2.000000
0.055327 -0.388623 0.143120 0.000000
0.701012 -0.339268 -0.155479 1.000000
-0.495397 -0.581085 -0.104054 5.000000
-0.796398 -0.017560 -0.088936 5.000000
0.755314 0.319418 -0.186021 2.000000
-0.247769 -0.333429 0.151084 5.000000
-0.346120 0.272325 0.110117 4.000000
0.800875 -0.133162 -0.143615 1.000000
-0.702909 -0.255309 -0.106908 5.000000
0.707041 0.286938 -0.142985 2.000000
-0.497268 -0.291583 0.004098 5.000000
-0.396854 -0.590490 -0.040433 5.000000
0.701578 0.046607 -0.046976 2.000000
-0.145181 0.223756 0.248222 4.000000
0.460928 0.755543 -0.152680 2.000000
-0.599296 -0.523442 -0.149109 5.000000
-0.544677 0.635622 -0.150589 4.000000
0.304362 0.828732 -0.197431 3.000000
-0.450080 0.555454 -0.067394 4.000000
-0.694683 -0.350229 -0.141073 5.000000
-0.441002 -0.386200 0.000316 5.000000
0.006498 -0.008852 0.403057 2.000000
-0.245420 0.694382 -0.085308 3.000000
-0.803292 0.179771 -0.157185 4.000000
-0.097295 0.295661 0.204110 3.000000
-0.494357 -0.759336 -0.166734 5.000000
0.256939 0.181991 0.188742 2.000000
-0.146067 0.482970 0.067248 3.000000
-0.243921 -0.848083 -0.192545 0.000000
0.206224 -0.209114 0.218669 1.000000
0.558984 -0.152187 0.011212 1.000000
-0.702829 0.412812 -0.173347 4.000000
-0.495575 0.112228 0.071453 4.000000
-0.801863 -0.129158 -0.126133 5.000000
-0.303849 0.693951 -0.094084 3.000000
0.450299 -0.381067 -0.009039 1.000000
-0.701647 0.254795 -0.116053 4.000000
0.609485 0.275919 -0.074099 2.000000
0.400952 -0.369943 0.023336 1.000000
0.553092 -0.735225 -0.191243 1.000000
0.305165 0.435528 0.067126 2.000000
0.304097 -0.393767 0.083269 1.000000
-0.148531 0.095157 0.305177 4.000000
-0.201259 -0.472637 0.083150 0.000000
0.604686 -0.156315 -0.031551 1.000000
-0.745776 0.358487 -0.181791 4.000000
-0.848593 -0.008110 -0.120451 5.000000
0.302615 -0.300415 0.124645 1.000000
-0.547416 0.249434 -0.018340 4.000000
0.762891 0.017502 -0.069679 2.000000
0.454083 -0.103527 0.091497 1.000000
0.106469 0.755693 -0.130922 3.000000
-0.849916 0.011710 -0.123497 4.000000
-0.245944 0.414639 0.114629 3.000000
-0.192530 -0.787290 -0.153828 0.000000
-0.840768 -0.141441 -0.158166 5.000000
-0.094944 0.807725 -0.177911 3.000000
0.006236 -0.063666 0.386058 0.000000
0.557024 0.349098 -0.066011 2.000000
0.856987 0.011327 -0.136103 2.000000
0.653248 -0.129815 -0.044519 1.000000
-0.146887 0.056573 0.310389 4.000000
0.552455 0.138026 0.004726 2.000000
-0.697783 0.218936 -0.097166 4.000000
-0.037792 -0.562745 0.010904 0.000000
0.257395 -0.179369 0.191349 1.000000
-0.640404 0.165811 -0.052037 4.000000
0.253285 0.682814 -0.091382 3.000000
-0.295729 -0.295798 0.127721 5.000000
0.554474 -0.307278 -0.041003 1.000000
-0.149599 -0.425495 0.114048 0.000000
-0.342556 0.466347 0.036634 4.000000
0.058919 -0.300248 0.207521 0.000000
0.357243 -0.542156 -0.002479 1.000000
0.701025 0.214387 -0.112927 2.000000
0.105496 0.405739 0.125110 3.000000
0.554254 -0.455481 -0.106751 1.000000
-0.600524 0.255330 -0.044929 4.000000
-0.398465 0.574516 -0.037828 4.000000
0.554559 0.114209 0.016732 2.000000
-0.341368 0.334361 0.083142 4.000000
-0.901381 0.111315 -0.186535 4.000000
0.058094 0.568138 -0.001817 3.000000
0.553791 -0.670381 -0.183581 1.000000
-0.402708 -0.426184 0.017698 5.000000
0.054107 -0.544949 0.027734 0.000000
-0.397824 0.592729 -0.052559 4.000000
0.413700 0.066382 0.126880 2.000000
0.248622 -0.154313 0.209853 1.000000
-0.848593 -0.008110 -0.120451 5.000000
0.555284 0.377589 -0.081404 2.000000
0.401719 0.194432 0.080801 2.000000
-0.401813 0.355210 0.042243 4.000000
0.510778 0.029969 0.090382 2.000000
-0.090339 0.106626 0.328466 4.000000
0.256133 0.667904 -0.069091 3.000000
-0.844409 -0.083976 -0.144035 5.000000
0.610751 0.273750 -0.075374 2.000000
0.209152 -0.724481 -0.115578 0.000000
-0.653372 -0.404944 -0.136723 5.000000
-0.342238 0.275126 0.100627 4.000000
0.454083 -0.103527 0.091497 1.000000
0.506244 -0.341350 -0.025843 1.000000
-0.298365 -0.021251 0.236144 5.000000
-0.694231 -0.552997 -0.196807 5.000000
0.552870 0.382670 -0.077013 2.000000
0.502464 -0.348276 -0.029469 1.000000
0.207524 -0.151766 0.234225 1.000000
-0.199847 0.471480 0.073091 3.000000
-0.602179 0.640308 -0.192843 4.000000
-0.296194 -0.373918 0.104359 5.000000
-0.646637 0.520345 -0.182651 4.000000
0.805532 -0.098449 -0.133442 1.000000
0.657227 0.105342 -0.046938 2.000000
-0.348014 -0.715240 -0.102978 0.000000
-0.342367 -0.727622 -0.113094 0.000000
-0.048417 0.777593 -0.150194 3.000000
-0.605044 -0.606906 -0.181087 5.000000
-0.195447 0.018881 0.294820 4.000000
0.057056 -0.112666 0.344472 0.000000
-0.338562 0.751437 -0.130962 3.000000
-0.093392 0.854304 -0.195997 3.000000
0.600597 -0.543308 -0.166521 1.000000
-0.195134 -0.509001 0.044509 0.000000
-0.697783 0.300176 -0.131256 4.000000
-0.747155 -0.209393 -0.128638 5.000000
0.462013 -0.469903 -0.051954 1.000000
0.254387 -0.078868 0.228700 1.000000
-0.147356 -0.449680 0.096323 0.000000
0.046615 0.599035 -0.024410 3.000000
-0.395985 -0.223621 0.097211 5.000000
0.352692 -0.617411 -0.036598 1.000000
-0.051954 0.370203 0.149139 3.000000
0.659637 -0.148102 -0.058049 1.000000
-0.701554 0.234257 -0.108432 4.000000
0.511305 0.218737 0.009906 2.000000
0.649259 -0.460597 -0.162967 1.000000
-0.043479 -0.021147 0.397791 5.000000
-0.697542 0.052173 -0.046523 4.000000
-0.143902 0.386027 0.138110 3.000000
-0.648140 -0.327875 -0.101618 5.000000
0.058919 -0.300248 0.207521 0.000000
-0.796789 0.118754 -0.131706 4.000000
-0.243412 0.023872 0.264866 4.000000
0.805758 -0.293938 -0.203991 1.000000
0.105112 -0.687007 -0.081327 0.000000
-0.091555 0.522812 0.038930 3.000000
0.257863 0.033512 0.245197 2.000000
0.810606 0.117302 -0.145725 2.000000
-0.495793 0.099935 0.066415 4.000000
-0.043369 -0.834601 -0.179968 0.000000
-0.499027 -0.182088 0.039909 5.000000
0.401679 0.273014 0.054807 2.000000
-0.143542 -0.774479 -0.144581 0.000000
0.305937 0.513802 0.028945 2.000000
0.455034 0.305609 0.010701 2.000000
-0.247938 -0.553530 0.013309 0.000000
-0.245035 -0.456861 0.084123 0.000000
0.196960 0.127128 0.235749 2.000000
-0.442867 -0.763279 -0.137105 5.000000
-0.596044 -0.359045 -0.077287 5.000000
0.255784 -0.449953 0.091638 1.000000
-0.452224 0.224503 0.058100 4.000000
0.708417 -0.261812 -0.123763 1.000000
0.259220 0.489205 0.063267 3.000000
-0.547892 -0.557492 -0.120392 5.000000
0.010754 0.230995 0.243059 3.000000
-0.094007 0.573675 -0.001307 3.000000
-0.551086 0.162177 0.009777 4.000000
-0.050743 -0.030540 0.393571 5.000000
-0.901381 0.111315 -0.186535 4.000000
-0.803081 0.000222 -0.083440 4.000000
-0.089270 -0.696049 -0.085021 0.000000
-0.296317 0.483509 0.051130 4.000000
0.057997 -0.591941 -0.008413 0.000000
0.100776 0.649830 -0.057844 3.000000
0.705563 -0.210670 -0.114519 1.000000
-0.343435 0.349584 0.080746 4.000000
-0.848419 -0.196515 -0.185431 5.000000
-0.746036 0.219782 -0.136251 4.000000
0.154222 0.805737 -0.172909 3.000000
-0.094669 -0.650298 -0.056147 0.000000
-0.391748 0.653194 -0.073968 4.000000
-0.496911 -0.682028 -0.137896 5.000000
-0.451426 -0.300997 0.032562 5.000000
0.604686 -0.156315 -0.031551 1.000000
0.055306 -0.439623 0.112510 0.000000
-0.093682 0.810799 -0.188609 3.000000
-0.246532 -0.557403 0.016366 0.000000
0.654750 -0.488361 -0.180165 1.000000
0.055881 -0.336585 0.176210 0.000000
-0.747296 0.031474 -0.060967 4.000000
-0.247938 -0.553530 0.013309 0.000000
0.758925 -0.007323 -0.070303 1.000000
-0.501175 0.524920 -0.087424 4.000000
0.753775 -0.274004 -0.163054 1.000000
0.705982 0.279792 -0.136152 2.000000
-0.343093 0.129933 0.161297 4.000000
0.250854 0.308573 0.140095 2.000000
0.755807 -0.428207 -0.204532 1.000000
-0.543522 0.283944 -0.023108 4.000000
0.106431 0.828808 -0.190061 3.000000
0.857663 0.114405 -0.178880 2.000000
0.552548 -0.287012 -0.038321 1.000000
-0.399505 -0.762505 -0.135106 0.000000
-0.648863 -0.353204 -0.113005 5.000000
0.357450 -0.370529 0.055181 1.000000
0.807999 -0.078839 -0.122571 1.000000
0.105112 -0.687007 -0.081327 0.000000
0.708217 0.381666 -0.173998 2.000000
-0.044830 -0.760579 -0.132928 0.000000
-0.088354 -0.714323 -0.101766 0.000000
-0.800821 -0.217112 -0.160077 5.000000
-0.195701 0.091151 0.268441 4.000000
0.055306 -0.439623 0.112510 0.000000
-0.196050 0.822172 -0.193868 3.000000
0.308304 0.040208 0.208938 2.000000
0.300958 -0.217877 0.146917 1.000000
0.401168 0.376951 0.023588 2.000000
0.402791 -0.130128 0.114531 1.000000
0.298370 -0.051100 0.218130 1.000000
-0.447797 -0.210903 0.071094 5.000000
0.153235 -0.167514 0.268382 1.000000
-0.551778 -0.808465 -0.204758 5.000000
-0.343482 -0.682328 -0.075110 0.000000
0.600597 -0.543308 -0.166521 1.000000
0.462700 -0.823027 -0.183196 0.000000
0.102069 -0.419167 0.119322 0.000000
-0.399505 -0.762505 -0.135106 0.000000
-0.497070 0.374829 -0.035513 4.000000
0.502193 0.395041 -0.050599 2.000000
0.547375 0.535084 -0.146240 2.000000
0.258074 0.082940 0.226134 2.000000
-0.245944 0.414639 0.114629 3.000000
-0.596044 -0.359045 -0.077287 5.000000
-0.345816 0.653811 -0.065943 3.000000
0.656534 0.285515 -0.112301 2.000000
-0.494402 0.203495 0.033541 4.000000
0.452844 0.596329 -0.091152 2.000000
0.551586 -0.254753 -0.028716 1.000000
-0.351919 0.014682 0.201680 4.000000
-0.749958 -0.209854 -0.127510 5.000000
0.149729 0.689190 -0.083558 3.000000
0.710113 -0.101981 -0.063159 1.000000
-0.498892 -0.430782 -0.043619 5.000000
-0.648328 -0.230562 -0.065753 5.000000
-0.646387 0.333714 -0.109770 4.000000
0.452039 0.146795 0.069301 2.000000
0.109490 0.267689 0.223121 3.000000
0.304799 0.636087 -0.047836 3.000000
0.611333 -0.069507 0.007502 1.000000
-0.046130 -0.583518 -0.004673 0.000000
0.053414 0.441786 0.089112 3.000000
0.605261 0.160738 -0.030306 2.000000
0.708428 -0.005918 -0.031566 1.000000
-0.445499 -0.447619 -0.022742 5.000000
0.303277 -0.205233 0.154407 1.000000
-0.049001 -0.848808 -0.201240 0.000000
0.052230 -0.721809 -0.103253 0.000000
0.150970 -0.511692 0.048255 0.000000
0.152226 0.751467 -0.140410 3.000000
-0.003975 0.829030 -0.191207 3.000000
0.412300 -0.314301 0.049839 1.000000
-0.445754 0.276040 0.043319 4.000000
-0.048417 0.777593 -0.150194 3.000000
0.148197 0.311916 0.190725 3.000000
0.657430 -0.129177 -0.050555 1.000000
-0.248980 0.819999 -0.185710 3.000000
0.505242 0.800875 -0.198111 2.000000
-0.545123 0.414825 -0.071732 4.000000
0.554559 0.114209 0.016732 2.000000
0.500648 -0.312087 -0.018444 1.000000
-0.741039 -0.278875 -0.144291 5.000000
-0.443814 -0.155079 0.091368 5.000000
-0.704761 -0.452614 -0.181939 5.000000
0.148197 0.311916 0.190725 3.000000
-0.394729 0.661147 -0.072833 4.000000
-0.900648 -0.129910 -0.193080 5.000000
0.754587 0.367419 -0.196765 2.000000
0.254260 0.371433 0.125493 2.000000
0.454931 0.801943 -0.171753 3.000000
0.905636 -0.140665 -0.199682 1.000000
-0.243454 -0.008177 0.269868 5.000000
-0.401813 0.355210 0.042243 4.000000
0.204452 0.797010 -0.170457 3.000000
0.157367 0.035464 0.308892 2.000000
-0.648863 -0.353204 -0.113005 5.000000
0.755314 0.319418 -0.186021 2.000000
-0.599296 -0.523442 -0.149109 5.000000
0.608768 0.473543 -0.140190 2.000000
-0.048876 0.811316 -0.183433 3.000000
-0.544061 -0.753059 -0.200743 5.000000
0.050103 -0.696118 -0.094826 0.000000
0.400952 -0.369943 0.023336 1.000000
-0.797292 0.074386 -0.112003 4.000000
0.001725 -0.164450 0.306105 0.000000
0.253484 -0.671656 -0.063290 0.000000
0.349206 -0.481970 0.016064 1.000000
-0.551754 -0.452572 -0.089892 5.000000
-0.039800 0.410774 0.115620 3.000000
0.255252 -0.556380 0.016897 0.000000
-0.295629 -0.265835 0.143444 5.000000
0.208668 0.069086 0.261756 2.000000
-0.048474 -0.604735 -0.014161 0.000000
-0.701535 0.141684 -0.077632 4.000000
0.047442 0.124128 0.319602 3.000000
-0.051954 0.370203 0.149139 3.000000
-0.496435 -0.399136 -0.034319 5.000000
-0.449370 -0.187113 0.080962 5.000000
-0.903106 0.007456 -0.151293 4.000000
-0.495575 0.112228 0.071453 4.000000
0.204232 -0.666574 -0.066941 0.000000
-0.447685 -0.031073 0.137884 5.000000
0.104923 -0.228777 0.268016 0.000000
-0.643260 0.013839 0.006686 4.000000
0.209708 0.132597 0.242630 2.000000
0.308907 -0.270839 0.121772 1.000000
0.257824 0.633470 -0.045261 3.000000
0.010754 0.230995 0.243059 3.000000
-0.290052 -0.234972 0.152293 5.000000
-0.798419 -0.091202 -0.110878 5.000000
0.055987 -0.211368 0.270547 0.000000
-0.245792 -0.354151 0.141613 5.000000
0.557024 0.349098 -0.066011 2.000000
-0.000745 -0.190132 0.292396 0.000000
0.651893 0.092375 -0.036794 2.000000
0.557707 -0.102977 0.030535 1.000000
-0.548063 0.599234 -0.145312 4.000000
-0.396837 0.433158 0.017053 4.000000
-0.348037 0.496629 0.020252 4.000000
-0.646954 -0.338183 -0.108893 5.000000
-0.549602 0.419846 -0.081154 4.000000
-0.299204 0.813475 -0.181831 3.000000
0.409505 0.608278 -0.067284 2.000000
0.253712 -0.585804 -0.004168 0.000000
0.756084 0.094136 -0.108677 2.000000
0.046615 0.599035 -0.024410 3.000000
-0.798203 -0.372632 -0.202147 5.000000
0.403753 -0.370584 0.025829 1.000000
-0.450851 -0.819505 -0.180537 0.000000
-0.702343 0.253305 -0.113571 4.000000
0.354328 -0.200015 0.117138 1.000000
0.357182 -0.622942 -0.035238 1.000000
-0.049001 -0.848808 -0.201240 0.000000
-0.444960 -0.647376 -0.090249 5.000000
0.157619 0.666217 -0.072768 3.000000
-0.488909 0.232836 0.027292 4.000000
0.609673 -0.130073 -0.023731 1.000000
0.057653 0.278841 0.213200 3.000000
-0.246044 -0.170471 0.218413 5.000000
-0.497268 -0.291583 0.004098 5.000000
-0.245646 0.543027 0.014339 3.000000
-0.142067 -0.329346 0.196025 0.000000
-0.048876 0.811316 -0.183433 3.000000
0.305455 -0.523527 0.031076 1.000000
-0.453765 0.079293 0.115290 4.000000
0.403499 0.167602 0.101173 2.000000
-0.549852 -0.287469 -0.025450 5.000000
-0.244927 -0.549452 0.022351 0.000000
-0.801986 0.200770 -0.159174 4.000000
0.606352 -0.001214 0.029186 2.000000
0.406066 0.243954 0.068394 2.000000
0.608037 0.348477 -0.095659 2.000000
0.656794 -0.204075 -0.073966 1.000000
-0.196498 -0.789130 -0.152101 0.000000
-0.093392 0.854304 -0.195997 3.000000
0.397607 -0.127477 0.115743 1.000000
-0.551778 -0.808465 -0.204758 5.000000
-0.000979 -0.819629 -0.172736 0.000000
-0.504462 -0.601682 -0.108654 5.000000
-0.000417 0.172553 0.298266 3.000000
0.261767 0.751093 -0.135012 3.000000
0.251121 -0.369368 0.126992 1.000000
-0.246044 -0.170471 0.218413 5.000000
0.153552 0.163294 0.259695 2.000000
0.155061 -0.226729 0.235751 1.000000
-0.446395 0.842258 -0.203435 3.000000
0.605261 0.160738 -0.030306 2.000000
-0.699087 0.131807 -0.070469 4.000000
-0.796977 0.255328 -0.177199 4.000000
0.554474 -0.307278 -0.041003 1.000000
-0.188617 -0.525149 0.044429 0.000000
-0.042658 0.058258 0.381899 4.000000
0.903397 -0.167015 -0.202893 1.000000
0.408203 -0.033540 0.146809 1.000000
0.851818 -0.173744 -0.197767 1.000000
0.751896 0.266165 -0.167402 2.000000
-0.595023 -0.131540 -0.004675 5.000000
0.197353 0.009029 0.290360 2.000000
-0.195752 0.198973 0.228440 4.000000
0.053414 0.441786 0.089112 3.000000
0.301814 0.806441 -0.171994 3.000000
-0.550442 -0.671212 -0.173967 5.000000
0.451512 0.667090 -0.116472 2.000000
-0.243813 0.695822 -0.102360 3.000000
0.709432 -0.118759 -0.069930 1.000000
0.100215 0.382097 0.133159 3.000000
0.151807 0.831400 -0.190904 3.000000
-0.145456 0.454181 0.082740 3.000000
-0.752389 0.126405 -0.096295 4.000000
-0.398714 0.711414 -0.107942 3.000000
-0.801986 0.200770 -0.159174 4.000000
0.608958 0.590843 -0.188465 2.000000
0.554559 0.114209 0.016732 2.000000
-0.247215 0.268325 0.163758 4.000000
0.254607 0.339940 0.132442 2.000000
0.553711 0.173331 -0.000242 2.000000
-0.900491 -0.045812 -0.165379 5.000000
0.108082 -0.276188 0.228495 0.000000
-0.294519 0.182113 0.169633 4.000000
0.360717 -0.446697 0.027387 1.000000
0.001816 -0.106520 0.354634 0.000000
0.508125 0.466876 -0.077463 2.000000
-0.297629 0.530949 0.031888 3.000000
-0.545985 -0.705080 -0.181499 5.000000
-0.396951 0.794011 -0.166872 3.000000
0.107752 0.631102 -0.043234 3.000000
0.558244 -0.294335 -0.040069 1.000000
-0.445754 0.276040 0.043319 4.000000
0.457273 0.674523 -0.121681 2.000000
-0.741039 -0.278875 -0.144291 5.000000
0.603743 0.260357 -0.068252 2.000000
0.551586 -0.254753 -0.028716 1.000000
0.253285 0.682814 -0.091382 3.000000
-0.746523 0.148666 -0.101244 4.000000
-0.451771 0.209395 0.064815 4.000000
0.859164 0.178832 -0.199376 2.000000
0.208008 0.469702 0.072301 3.000000
0.500627 -0.803956 -0.201449 1.000000
-0.397249 0.403217 0.016138 4.000000
0.607593 -0.116124 -0.011263 1.000000
-0.451240 0.112418 0.097839 4.000000
0.305455 -0.523527 0.031076 1.000000
-0.502904 -0.427381 -0.050722 5.000000
-0.355407 0.570679 -0.008343 4.000000
0.560878 -0.109996 0.023882 1.000000
-0.249561 -0.453458 0.103619 0.000000
0.856987 0.011327 -0.136103 2.000000
-0.644264 0.386141 -0.132947 4.000000
0.462438 0.582233 -0.085431 2.000000
-0.702829 0.412812 -0.173347 4.000000
-0.249538 0.660016 -0.062461 3.000000
0.552548 -0.287012 -0.038321 1.000000
-0.391748 0.653194 -0.073968 4.000000
0.204814 0.396344 0.125320 3.000000
-0.545985 -0.705080 -0.181499 5.000000
0.805532 -0.098449 -0.133442 1.000000
-0.048108 -0.361861 0.152204 0.000000
-0.397152 -0.249722 0.088213 5.000000
-0.547247 0.495775 -0.105745 4.000000
0.504028 -0.710156 -0.165975 1.000000
-0.043612 0.260051 0.223261 3.000000
0.559474 -0.357018 -0.061271 1.000000
-0.498013 -0.472673 -0.061768 5.000000
-0.248980 0.819999 -0.185710 3.000000
-0.043369 -0.834601 -0.179968 0.000000
0.206774 -0.640438 -0.044293 0.000000
-0.394858 0.558485 -0.036716 4.000000
0.508125 0.466876 -0.077463 2.000000
0.555684 -0.014928 0.057995 1.000000
0.150970 -0.511692 0.048255 0.000000
-0.496454 0.500316 -0.079630 4.000000
0.258687 0.755160 -0.137355 3.000000
-0.300392 0.550845 0.012307 3.000000
0.302791 -0.218607 0.148382 1.000000
-0.443725 -0.600435 -0.078898 5.000000
-0.751076 -0.172338 -0.111447 5.000000
0.250440 0.458455 0.092771 3.000000
0.352351 -0.359377 0.066244 1.000000
-0.145358 -0.458286 0.088325 0.000000
0.554474 -0.307278 -0.041003 1.000000
0.601777 -0.239959 -0.063561 1.000000
-0.646518 0.494207 -0.168379 4.000000
0.006175 -0.507263 0.047674 0.000000
0.557707 -0.102977 0.030535 1.000000
-0.497809 0.140637 0.049667 4.000000
-0.449304 -0.181054 0.076022 5.000000
-0.596803 0.319556 -0.077566 4.000000
-0.046500 0.078094 0.361672 3.000000
-0.691161 -0.551892 -0.207426 5.000000
-0.842849 0.284963 -0.204733 4.000000
-0.097367 -0.538968 0.035772 0.000000
-0.203963 -0.579377 -0.004155 0.000000
-0.393845 -0.363053 0.039162 5.000000
-0.203963 -0.579377 -0.004155 0.000000
-0.048586 -0.231435 0.261477 0.000000
0.263152 0.329386 0.128956 2.000000
-0.042658 0.058258 0.381899 4.000000
-0.100259 -0.446393 0.095401 0.000000
-0.847728 0.256178 -0.193038 4.000000
0.003016 -0.820633 -0.184004 0.000000
0.201351 0.152248 0.232774 2.000000
0.364393 0.198514 0.119438 2.000000
0.103431 0.221162 0.254213 3.000000
0.651105 -0.076625 -0.025784 1.000000
-0.048474 -0.604735 -0.014161 0.000000
-0.146963 -0.032048 0.328498 5.000000
0.301814 0.806441 -0.171994 3.000000
0.299966 0.069116 0.201439 2.000000
0.256133 0.667904 -0.069091 3.000000
0.407011 -0.054461 0.143374 1.000000
0.204814 0.396344 0.125320 3.000000
-0.646387 0.333714 -0.109770 4.000000
0.407226 0.649934 -0.082814 2.000000
-0.395985 -0.223621 0.097211 5.000000
0.151862 -0.256267 0.226223 1.000000
0.198290 -0.192438 0.225109 1.000000
0.754179 0.327987 -0.186602 2.000000
-0.398164 -0.743962 -0.121808 0.000000
-0.246686 0.808443 -0.178245 3.000000
0.752475 0.064640 -0.083055 2.000000
-0.248407 0.085030 0.239210 4.000000
0.155061 -0.226729 0.235751 1.000000
0.204368 -0.306172 0.180163 1.000000
-0.040906 0.635509 -0.049312 3.000000
0.357598 0.516504 0.000316 2.000000
-0.094126 0.064771 0.350812 4.000000
0.046615 0.599035 -0.024410 3.000000
0.259220 0.489205 0.063267 3.000000
0.151289 -0.438816 0.097111 0.000000
0.606751 0.205030 -0.044297 2.000000
-0.443966 -0.079834 0.116316 5.000000
0.002640 -0.027075 0.412822 0.000000
-0.349101 0.727066 -0.114436 3.000000
0.154816 -0.507274 0.053285 0.000000
0.108777 -0.508356 0.057557 0.000000
-0.049831 0.105725 0.344766 3.000000
-0.193881 -0.452451 0.098420 0.000000
-0.250669 -0.825724 -0.189135 0.000000
0.550986 -0.194658 -0.012706 1.000000
0.402485 0.047121 0.143581 2.000000
-0.353944 0.084707 0.177379 4.000000
-0.196048 0.666627 -0.073907 3.000000
-0.046284 0.634006 -0.048022 3.000000
-0.652846 0.334065 -0.110102 4.000000
-0.595343 0.110059 -0.006155 4.000000
0.050103 -0.696118 -0.094826 0.000000
0.304529 -0.536203 0.022802 1.000000
0.055881 -0.336585 0.176210 0.000000
0.002885 -0.045237 0.393914 0.000000
0.451700 0.363850 -0.008812 2.000000
0.106507 -0.343475 0.179220 0.000000
-0.446395 0.842258 -0.203435 3.000000
0.006287 -0.353221 0.165212 0.000000
0.515127 0.747672 -0.185803 2.000000
-0.296471 0.287701 0.138636 4.000000
-0.192185 0.511166 0.035501 3.000000
0.604935 0.562775 -0.178311 2.000000
-0.752389 0.126405 -0.096295 4.000000
-0.543888 0.216545 -0.005795 4.000000
-0.251610 -0.383759 0.130072 5.000000
-0.397152 -0.249722 0.088213 5.000000
-0.646493 -0.213161 -0.066759 5.000000
0.303171 -0.571728 0.009261 0.000000
0.658134 0.274078 -0.108882 2.000000
-0.303923 0.059926 0.211333 4.000000
-0.447126 0.040102 0.129563 4.000000
-0.297494 0.418569 0.087533 4.000000
0.558244 -0.294335 -0.040069 1.000000
0.053589 -0.255060 0.245093 0.000000
-0.096872 0.704350 -0.099117 3.000000
-0.401524 -0.777481 -0.149373 0.000000
0.560455 -0.097681 0.029137 1.000000
-0.494975 -0.153038 0.055599 5.000000
-0.093179 -0.096762 0.331119 5.000000
0.105530 0.804501 -0.176691 3.000000
0.100243 -0.594260 -0.013379 0.000000
0.753012 0.182187 -0.139406 2.000000
0.250911 -0.351502 0.127197 1.000000
-0.492421 -0.655653 -0.128894 5.000000
-0.143902 0.386027 0.138110 3.000000
0.304326 0.348324 0.100397 2.000000
0.453903 -0.346105 0.010891 1.000000
0.856987 0.011327 -0.136103 2.000000
-0.401885 0.258038 0.078197 4.000000
-0.603205 0.138024 -0.009622 4.000000
-0.837900 0.037282 -0.128632 4.000000
0.602354 -0.004983 0.035437 2.000000
-0.493194 0.172536 0.047287 4.000000
0.006244 0.776726 -0.150420 3.000000
0.400952 -0.369943 0.023336 1.000000
-0.152400 -0.766760 -0.139008 0.000000
-0.048586 -0.231435 0.261477 0.000000
0.150970 -0.511692 0.048255 0.000000
0.902004 -0.168268 -0.208980 1.000000
0.556487 -0.241208 -0.015110 1.000000
0.505250 0.684374 -0.160650 2.000000
0.154141 0.378169 0.138987 3.000000
-0.386799 -0.117114 0.134292 5.000000
-0.595343 0.110059 -0.006155 4.000000
-0.146067 0.482970 0.067248 3.000000
0.661846 0.084140 -0.031678 2.000000
-0.451927 0.121519 0.096486 4.000000
0.455034 0.305609 0.010701 2.000000
0.049300 0.362072 0.158931 3.000000
0.107752 0.631102 -0.043234 3.000000
-0.704368 0.213328 -0.100798 4.000000
-0.387028 -0.372890 0.039693 5.000000
-0.195701 0.091151 0.268441 4.000000
-0.045821 -0.111285 0.348835 0.000000
-0.189657 -0.094085 0.275686 5.000000
-0.046045 -0.457331 0.092875 0.000000
0.001338 0.583531 -0.019137 3.000000
0.204116 0.619290 -0.044301 3.000000
0.853044 0.112327 -0.174117 2.000000
-0.598038 0.604633 -0.175789 4.000000
0.102069 -0.419167 0.119322 0.000000
0.857528 -0.236439 -0.205039 1.000000
0.397607 -0.127477 0.115743 1.000000
0.055433 -0.223103 0.263900 0.000000
-0.152400 -0.766760 -0.139008 0.000000
0.560455 -0.097681 0.029137 1.000000
-0.489102 0.573935 -0.105058 4.000000
-0.145642 0.147749 0.281079 4.000000
0.553092 -0.735225 -0.191243 1.000000
0.349206 -0.481970 0.016064 1.000000
0.606751 0.205030 -0.044297 2.000000
0.754955 -0.194764 -0.133186 1.000000
0.009287 0.213427 0.259955 3.000000
0.364896 -0.700799 -0.093048 0.000000
0.310774 0.031398 0.207295 2.000000
0.205619 0.194400 0.214367 2.000000
-0.043576 0.145358 0.321492 3.000000
0.061963 -0.144362 0.321908 0.000000
0.462700 -0.823027 -0.183196 0.000000
0.502464 -0.348276 -0.029469 1.000000
0.102809 -0.148106 0.300319 1.000000
0.454280 -0.752983 -0.148970 1.000000
-0.801986 0.200770 -0.159174 4.000000
0.704202 -0.233513 -0.113831 1.000000
-0.191335 0.628296 -0.047363 3.000000
-0.549602 0.419846 -0.081154 4.000000
-0.903106 0.007456 -0.151293 4.000000
0.053312 -0.700103 -0.093412 0.000000
0.606870 -0.672927 -0.201760 1.000000
-0.801863 -0.129158 -0.126133 5.000000
0.005276 0.466167 0.079759 3.000000
0.248161 -0.722779 -0.105582 0.000000
0.706853 -0.464650 -0.205054 1.000000
-0.044830 -0.760579 -0.132928 0.000000
-0.250990 -0.512117 0.052843 0.000000
0.609041 -0.285663 -0.070279 1.000000
0.100668 -0.173900 0.291909 1.000000
-0.244972 -0.705179 -0.097240 0.000000
-0.398714 0.711414 -0.107942 3.000000
-0.245959 0.466533 0.083028 3.000000
0.364393 0.198514 0.119438 2.000000
-0.651990 0.418347 -0.143928 4.000000
0.155378 0.510316 0.041526 3.000000
-0.801986 0.200770 -0.159174 4.000000
0.555684 -0.014928 0.057995 1.000000
0.602295 0.315395 -0.088638 2.000000
-0.349384 0.433084 0.043536 4.000000
0.359446 0.455312 0.027911 2.000000
0.357243 -0.542156 -0.002479 1.000000
-0.298373 0.176069 0.171149 4.000000
0.860902 -0.008592 -0.133019 1.000000
0.361763 0.311801 0.074609 2.000000
-0.292648 -0.027041 0.232256 5.000000
0.206224 -0.209114 0.218669 1.000000
-0.002472 0.531932 0.025203 3.000000
0.506791 0.470973 -0.083594 2.000000
-0.797292 0.074386 -0.112003 4.000000
-0.747282 -0.160615 -0.110083 5.000000
-0.540007 0.257068 -0.019797 4.000000
-0.387028 -0.372890 0.039693 5.000000
0.600597 -0.543308 -0.166521 1.000000
0.306087 -0.822676 -0.185888 0.000000
0.710113 -0.101981 -0.063159 1.000000
0.608768 0.473543 -0.140190 2.000000
-0.642356 -0.111687 -0.029302 5.000000
-0.497163 0.219310 0.026937 4.000000
0.805758 -0.293938 -0.203991 1.000000
-0.453765 0.079293 0.115290 4.000000
0.155949 -0.519853 0.044773 0.000000
-0.247547 0.755727 -0.139308 3.000000
-0.143878 0.558189 0.013079 3.000000
-0.833969 -0.070767 -0.135562 5.000000
-0.043686 -0.817467 -0.169895 0.000000
-0.253669 0.072498 0.244101 4.000000
-0.399505 -0.762505 -0.135106 0.000000
0.010433 -0.485615 0.073757 0.000000
-0.502974 0.271885 0.009014 4.000000
-0.093392 0.854304 -0.195997 3.000000
-0.795085 0.193117 -0.153965 4.000000
0.007418 0.203801 0.274485 3.000000
0.202763 -0.384442 0.142554 0.000000
0.354736 -0.315584 0.079711 1.000000
0.502464 -0.348276 -0.029469 1.000000
-0.492421 -0.655653 -0.128894 5.000000
0.409351 0.829601 -0.190063 3.000000
0.047442 0.124128 0.319602 3.000000
-0.441002 -0.386200 0.000316 5.000000
-0.501228 -0.631113 -0.121100 5.000000
-0.753871 -0.140779 -0.101489 5.000000
0.459840 0.129058 0.078396 2.000000
-0.489102 0.573935 -0.105058 4.000000
0.807999 -0.078839 -0.122571 1.000000
0.110944 0.292158 0.207038 3.000000
0.504227 -0.047013 0.077379 1.000000
0.551798 0.515349 -0.128061 2.000000
0.409351 0.829601 -0.190063 3.000000
-0.551029 0.093419 0.042866 4.000000
0.453151 0.275291 0.021322 2.000000
0.509671 0.193569 0.022457 2.000000
0.859733 0.161687 -0.188936 2.000000
0.049300 0.362072 0.158931 3.000000
0.351907 -0.432991 0.040023 1.000000
-0.800821 -0.217112 -0.160077 5.000000
0.104888 -0.062304 0.337624 1.000000
0.351244 0.430308 0.027765 2.000000
0.004800 0.813221 -0.181004 3.000000
0.702037 -0.227602 -0.118470 1.000000
0.653889 0.511971 -0.194460 2.000000
-0.647044 -0.250542 -0.081059 5.000000
0.000820 0.319216 0.189592 3.000000
0.455808 0.305220 0.010684 2.000000
0.353533 -0.810376 -0.177886 0.000000
-0.243166 0.807693 -0.172854 3.000000
-0.343482 -0.682328 -0.075110 0.000000
0.105112 -0.687007 -0.081327 0.000000
-0.694933 -0.520711 -0.196418 5.000000
-0.854867 0.228289 -0.202904 4.000000
-0.251610 -0.383759 0.130072 5.000000
0.560878 -0.109996 0.023882 1.000000
0.504072 -0.414791 -0.058506 1.000000
0.256507 -0.344414 0.135104 1.000000
-0.800129 -0.317307 -0.194397 5.000000
-0.346742 0.369799 0.074542 4.000000
-0.250697 -0.227885 0.189522 5.000000
0.154647 -0.795867 -0.165620 0.000000
0.607637 0.260438 -0.067110 2.000000
0.353533 -0.810376 -0.177886 0.000000
-0.243921 -0.848083 -0.192545 0.000000
-0.149599 -0.425495 0.114048 0.000000
-0.048474 -0.604735 -0.014161 0.000000
0.204979 -0.008632 0.291161 1.000000
-0.246953 0.686294 -0.088315 3.000000
0.258687 0.755160 -0.137355 3.000000
-0.345613 0.645621 -0.058096 3.000000
-0.245646 0.543027 0.014339 3.000000
0.506965 -0.831724 -0.196803 0.000000
-0.702195 0.126538 -0.061529 4.000000
-0.745992 -0.284841 -0.153633 5.000000
0.649259 -0.460597 -0.162967 1.000000
0.454280 -0.752983 -0.148970 1.000000
0.256507 -0.344414 0.135104 1.000000
0.760363 0.275133 -0.158576 2.000000
-0.098466 0.316414 0.193660 3.000000
0.001391 -0.168554 0.304315 0.000000
0.453903 -0.346105 0.010891 1.000000
0.499728 -0.420142 -0.057775 1.000000
-0.241152 0.418793 0.106344 3.000000
0.606751 0.205030 -0.044297 2.000000
-0.145181 0.223756 0.248222 4.000000
0.107397 -0.059571 0.333341 1.000000
0.300214 -0.278940 0.125146 1.000000
0.211412 -0.657828 -0.056238 0.000000
-0.244927 -0.549452 0.022351 0.000000
-0.495239 0.249280 0.022260 4.000000
-0.603590 -0.435632 -0.115764 5.000000
-0.451771 0.209395 0.064815 4.000000
0.106431 0.828808 -0.190061 3.000000
0.248161 -0.722779 -0.105582 0.000000
-0.547841 -0.405405 -0.075505 5.000000
0.250765 -0.131029 0.213944 1.000000
0.053312 -0.700103 -0.093412 0.000000
0.051945 0.826496 -0.189384 3.000000
-0.148904 -0.692679 -0.089961 0.000000
-0.295729 -0.295798 0.127721 5.000000
-0.199775 -0.474888 0.077901 0.000000
-0.451927 0.121519 0.096486 4.000000
0.351907 -0.432991 0.040023 1.000000
-0.295333 -0.129164 0.195930 5.000000
-0.393826 -0.492560 -0.008018 5.000000
-0.704368 0.213328 -0.100798 4.000000
0.406207 0.789761 -0.153781 3.000000
0.755314 0.319418 -0.186021 2.000000
0.508764 -0.787576 -0.200001 1.000000
-0.294856 -0.230012 0.152492 5.000000
-0.046662 0.466876 0.078176 3.000000
-0.449640 0.678489 -0.108935 4.000000
0.959183 0.010632 -0.202397 2.000000
-0.548723 -0.144728 0.029453 5.000000
-0.449304 -0.181054 0.076022 5.000000
0.708747 -0.250352 -0.124497 1.000000
-0.250697 -0.227885 0.189522 5.000000
-0.043346 0.639182 -0.054958 3.000000
-0.602674 0.015564 0.030402 4.000000
0.556555 -0.340310 -0.059656 1.000000
-0.250669 -0.825724 -0.189135 0.000000
-0.046248 0.246548 0.239442 3.000000
-0.398164 -0.743962 -0.121808 0.000000
-0.245325 0.220685 0.192721 4.000000
0.151406 0.512901 0.036507 3.000000
-0.145642 0.147749 0.281079 4.000000
-0.399274 -0.755160 -0.131091 0.000000
0.452022 -0.680041 -0.121901 1.000000
-0.248536 -0.143051 0.220720 5.000000
0.050871 0.285743 0.215229 3.000000
-0.000910 0.788248 -0.159367 3.000000
0.602354 -0.004983 0.035437 2.000000
-0.497070 0.374829 -0.035513 4.000000
-0.298384 0.548238 0.016789 3.000000
0.556466 0.242483 -0.023226 2.000000
0.708747 -0.250352 -0.124497 1.000000
0.656534 0.285515 -0.112301 2.000000
-0.095348 -0.496374 0.058187 0.000000
0.250440 0.458455 0.092771 3.000000
-0.544461 -0.791000 -0.195767 5.000000
-0.299891 -0.674540 -0.067089 0.000000
0.049355 -0.490680 0.068641 0.000000
0.410148 0.316226 0.046553 2.000000
0.147558 -0.683666 -0.073269 0.000000
-0.245325 0.220685 0.192721 4.000000
-0.795800 -0.241344 -0.166770 5.000000
0.006524 -0.192085 0.285324 0.000000
-0.194648 -0.258728 0.210636 5.000000
-0.850478 0.142284 -0.169967 4.000000
0.304362 0.828732 -0.197431 3.000000
-0.793020 -0.269364 -0.174444 5.000000
-0.098233 -0.022758 0.365107 5.000000
0.004917 0.238656 0.241355 3.000000
0.349233 0.009128 0.185024 2.000000
-0.643548 0.282069 -0.089782 4.000000
0.507952 0.147804 0.044623 2.000000
0.609673 -0.130073 -0.023731 1.000000
-0.046624 0.250461 0.236019 3.000000
0.706853 -0.464650 -0.205054 1.000000
-0.548063 0.599234 -0.145312 4.000000
0.298370 -0.051100 0.218130 1.000000
-0.499659 0.602365 -0.115081 4.000000
-0.049001 -0.848808 -0.201240 0.000000
0.362594 -0.566660 -0.020421 1.000000
-0.840768 -0.141441 -0.158166 5.000000
-0.152667 -0.302916 0.205889 0.000000
-0.596816 -0.709640 -0.207215 5.000000
0.652703 0.545856 -0.202712 2.000000
-0.243412 0.023872 0.264866 4.000000
0.057997 -0.591941 -0.008413 0.000000
0.408713 0.725282 -0.116865 3.000000
-0.544142 0.450709 -0.088433 4.000000
0.155541 -0.636759 -0.042338 0.000000
-0.301437 -0.101182 0.206991 5.000000
-0.453154 0.287874 0.026998 4.000000
0.410148 0.316226 0.046553 2.000000
0.807648 0.040465 -0.113747 2.000000
0.352436 -0.388331 0.047023 1.000000
0.305922 0.069874 0.191061 2.000000
0.359643 -0.147766 0.141511 1.000000
0.404290 -0.040183 0.155629 1.000000
-0.453154 0.287874 0.026998 4.000000
0.805902 0.114122 -0.140046 2.000000
0.412300 -0.314301 0.049839 1.000000
-0.603042 -0.615369 -0.180036 5.000000
-0.443814 -0.155079 0.091368 5.000000
0.855868 -0.168177 -0.191822 1.000000
-0.146916 -0.312548 0.199566 0.000000
-0.042054 0.831485 -0.196435 3.000000
-0.646298 0.009281 0.009316 4.000000
-0.255198 -0.659452 -0.050073 0.000000
-0.051047 -0.142189 0.325103 0.000000
0.451121 -0.062421 0.105976 1.000000
-0.245325 0.220685 0.192721 4.000000
-0.598605 -0.680449 -0.192365 5.000000
-0.356475 0.427881 0.047380 4.000000
0.301814 0.806441 -0.171994 3.000000
-0.397439 -0.423218 0.023237 5.000000
-0.150542 0.839379 -0.208223 3.000000
0.258296 -0.814718 -0.171303 0.000000
0.353186 0.767728 -0.152906 3.000000
-0.895523 -0.084578 -0.176197 5.000000
0.107752 0.631102 -0.043234 3.000000
-0.094278 -0.439892 0.108648 0.000000
0.152939 -0.152121 0.270840 1.000000
0.095987 -0.051634 0.338356 1.000000
0.054107 -0.544949 0.027734 0.000000
0.452457 0.712566 -0.137915 2.000000
0.049685 0.074454 0.352478 2.000000
-0.497338 0.738448 -0.160102 4.000000
-0.548894 -0.485161 -0.100341 5.000000
0.456070 0.418846 -0.026516 2.000000
-0.292636 -0.504953 0.052921 0.000000
-0.495575 0.112228 0.071453 4.000000
0.449698 -0.755433 -0.155663 1.000000
0.204224 0.377357 0.134588 3.000000
0.353922 0.184842 0.121172 2.000000
0.509905 -0.070319 0.067022 1.000000
0.155067 -0.610213 -0.024180 0.000000
0.002640 -0.027075 0.412822 0.000000
-0.146963 -0.032048 0.328498 5.000000
0.449698 -0.755433 -0.155663 1.000000
0.563931 -0.037627 0.050439 1.000000
-0.296471 0.287701 0.138636 4.000000
0.206602 -0.261366 0.192843 1.000000
-0.445499 -0.447619 -0.022742 5.000000
0.157367 0.035464 0.308892 2.000000
-0.745776 0.358487 -0.181791 4.000000
-0.096593 -0.416800 0.123973 0.000000
0.349206 -0.481970 0.016064 1.000000
-0.198625 -0.459367 0.086987 0.000000
-0.041663 -0.039703 0.391396 5.000000
0.148197 0.311916 0.190725 3.000000
-0.298384 0.548238 0.016789 3.000000
0.405755 -0.026528 0.149281 1.000000
-0.851914 -0.052290 -0.134368 5.000000
0.402791 -0.048282 0.144932 1.000000
0.060940 0.803241 -0.172379 3.000000
-0.643548 0.282069 -0.089782 4.000000
0.055306 -0.439623 0.112510 0.000000
-0.847487 -0.172203 -0.173220 5.000000
-0.399505 -0.762505 -0.135106 0.000000
-0.249219 -0.556213 0.013204 0.000000
0.452457 0.712566 -0.137915 2.000000
0.558419 0.470062 -0.113753 2.000000
0.707312 -0.498061 -0.199803 1.000000
0.851818 -0.173744 -0.197767 1.000000
-0.795085 0.193117 -0.153965 4.000000
0.053435 0.126261 0.330870 3.000000
0.556555 -0.340310 -0.059656 1.000000
-0.044830 -0.760579 -0.132928 0.000000
0.051814 0.257015 0.232907 3.000000
0.707327 0.387970 -0.177005 2.000000
-0.445782 -0.422277 -0.014224 5.000000
0.801304 0.293921 -0.190044 2.000000
-0.301595 -0.459428 0.072102 5.000000
0.951917 0.027758 -0.190253 1.000000
0.407844 0.046956 0.136719 2.000000
-0.494975 -0.153038 0.055599 5.000000
-0.046248 0.246548 0.239442 3.000000
-0.198487 -0.019373 0.301786 5.000000
-0.046248 0.246548 0.239442 3.000000
-0.146449 0.585856 -0.012392 3.000000
-0.253669 0.072498 0.244101 4.000000
-0.647512 0.301428 -0.103633 4.000000
0.902124 -0.162353 -0.208401 1.000000
0.005640 0.376050 0.144765 3.000000
0.156458 -0.172926 0.266952 1.000000
0.450927 -0.035639 0.122789 1.000000
-0.392484 0.301136 0.062069 4.000000
0.508764 -0.787576 -0.200001 1.000000
-0.300392 0.550845 0.012307 3.000000
0.109486 -0.230623 0.259858 0.000000
-0.647385 -0.318180 -0.101238 5.000000
-0.245574 -0.418586 0.116085 5.000000
0.657430 -0.129177 -0.050555 1.000000
0.510607 0.192812 0.026004 2.000000
0.462438 0.582233 -0.085431 2.000000
0.751896 0.266165 -0.167402 2.000000
-0.751229 -0.258696 -0.151557 5.000000
0.562425 -0.038235 0.047467 1.000000
0.553252 0.612580 -0.161493 2.000000
-0.003468 -0.358950 0.167420 0.000000
-0.244972 -0.705179 -0.097240 0.000000
0.004800 0.813221 -0.181004 3.000000
-0.395577 -0.348680 0.053124 5.000000
-0.101024 -0.825585 -0.177125 0.000000
0.004048 0.203732 0.279954 3.000000
-0.551966 -0.421503 -0.084141 5.000000
0.257021 -0.509914 0.056111 0.000000
-0.101024 -0.825585 -0.177125 0.000000
-0.450080 0.555454 -0.067394 4.000000
-0.345816 0.653811 -0.065943 3.000000
0.206224 -0.209114 0.218669 1.000000
-0.197517 0.808230 -0.178146 3.000000
