-0.245925 0.143128 0.171738 2.000000
-0.729398 -0.398520 -0.196241 0.000000
-0.345925 0.294812 -0.060956 2.000000
-0.246258 0.046477 0.286459 2.000000
0.269428 -0.352022 -0.160236 0.000000
0.217833 -0.267251 -0.050879 0.000000
0.466342 -0.396352 -0.172605 0.000000
-0.587377 0.226212 0.041472 2.000000
0.104184 0.188130 0.113127 2.000000
0.427655 0.290647 -0.051800 2.000000
0.804376 0.005100 -0.121515 1.000000
0.092455 0.365997 -0.089857 2.000000
-0.297550 0.149367 0.147512 2.000000
0.442420 -0.236867 0.004908 0.000000
0.476421 -0.108387 0.166676 0.000000
-0.398007 0.261200 0.018917 2.000000
0.422052 0.279146 -0.017057 2.000000
0.703255 -0.441644 -0.240889 0.000000
0.222451 0.061036 0.252177 2.000000
0.208197 0.237395 0.054067 2.000000
-0.721561 0.092409 -0.017141 3.000000
-0.516327 0.352060 -0.080059 2.000000
0.690851 0.009402 0.014861 1.000000
-0.068431 0.248140 0.033650 2.000000
-0.660445 -0.081223 0.111276 3.000000
-0.721512 -0.390560 -0.166761 0.000000
-0.353817 -0.124384 0.141277 0.000000
0.436643 0.372141 -0.136450 2.000000
0.148735 0.066941 0.247951 2.000000
0.386445 0.044604 0.258757 2.000000
0.640414 0.086521 0.076349 1.000000
0.594702 0.060575 0.158129 1.000000
0.525263 0.413475 -0.206581 2.000000
-0.784387 0.287962 -0.149334 3.000000
-0.147036 -0.155078 0.135075 0.000000
0.481310 0.156405 0.112697 2.000000
-0.013247 -0.194612 0.056417 0.000000
-0.472109 -0.395096 -0.183306 0.000000
-0.119838 -0.250110 -0.010758 0.000000
-0.613549 -0.153836 0.122427 0.000000
0.651794 0.381479 -0.183665 2.000000
-0.576746 0.309231 -0.092097 2.000000
0.499994 -0.181759 0.093152 0.000000
-0.777934 0.409835 -0.178922 2.000000
-0.677072 -0.126557 0.087859 3.000000
-0.343907 -0.193868 0.057264 0.000000
0.665855 -0.047326 0.061881 1.000000
-0.787523 0.015119 -0.117957 3.000000
-0.519148 -0.330036 -0.111461 0.000000
0.759465 0.390318 -0.149410 2.000000
0.036192 -0.383513 -0.184207 0.000000
-0.072750 0.381753 -0.196809 2.000000
0.544887 -0.118369 0.153897 0.000000
0.830194 -0.014871 -0.128507 1.000000
0.593376 -0.215775 0.059887 0.000000
-0.561644 0.322184 -0.072759 2.000000
-0.674005 -0.278297 -0.038807 0.000000
0.423134 -0.140173 0.109789 0.000000
0.138713 0.168339 0.133556 2.000000
0.636477 0.373684 -0.176065 2.000000
-0.219770 -0.074852 0.213843 0.000000
0.588997 -0.395070 -0.189603 0.000000
-0.302605 -0.172548 0.128338 0.000000
-0.328577 0.461996 -0.246862 2.000000
0.308287 -0.188190 0.069238 0.000000
0.813348 -0.007024 -0.113967 1.000000
-0.620266 -0.433696 -0.229002 0.000000
0.423073 0.283274 -0.009235 2.000000
0.324149 0.069956 0.235185 2.000000
0.423134 -0.140173 0.109789 0.000000
-0.730587 -0.408679 -0.244188 0.000000
0.194791 0.183428 0.067439 2.000000
0.586582 -0.293307 -0.066047 0.000000
-0.228526 0.195878 0.111862 2.000000
0.098151 0.098338 0.211519 2.000000
0.743791 0.349265 -0.120840 2.000000
-0.272032 0.371912 -0.143202 2.000000
0.122484 -0.005489 0.320027 0.000000
0.606794 -0.403407 -0.192720 0.000000
-0.462112 -0.312863 -0.072087 0.000000
0.761170 -0.360676 -0.152114 0.000000
-0.497295 -0.216214 0.021814 0.000000
0.476659 -0.095471 0.211331 0.000000
-0.119955 -0.427944 -0.218203 0.000000
0.431319 0.316772 -0.063485 2.000000
-0.630851 -0.435202 -0.230121 0.000000
-0.657774 -0.359584 -0.129958 0.000000
0.727805 0.074342 0.017141 1.000000
-0.389217 -0.235207 0.022815 0.000000
-0.470092 0.231091 0.029015 2.000000
-0.561413 0.404509 -0.171652 2.000000
0.651915 -0.084349 0.082642 1.000000
0.145000 0.419970 -0.202581 2.000000
0.242096 0.174151 0.126778 2.000000
0.868115 0.227890 -0.217591 1.000000
-0.554605 -0.187237 0.072532 0.000000
0.044991 -0.102515 0.199022 0.000000
0.362338 0.055965 0.221208 2.000000
0.817038 0.355615 -0.130694 1.000000
0.378193 0.404726 -0.181301 2.000000
0.470297 0.225503 0.038296 2.000000
0.301812 0.276791 0.024785 2.000000
0.709909 -0.037224 0.011306 1.000000
-0.857111 0.123214 -0.230945 3.000000
0.653458 0.446305 -0.221607 2.000000
-0.280722 -0.140667 0.145593 0.000000
-0.347344 -0.167666 0.084934 0.000000
0.542490 0.019885 0.227860 1.000000
-0.106187 -0.215667 0.026786 0.000000
0.886333 0.351971 -0.205459 1.000000
-0.398007 0.261200 0.018917 2.000000
-0.388037 0.300931 -0.051761 2.000000
0.474492 0.114030 0.156514 2.000000
0.311822 -0.359764 -0.116986 0.000000
-0.832392 -0.246825 -0.239011 3.000000
-0.463303 0.109523 0.182795 2.000000
0.564550 -0.042538 0.228421 1.000000
0.541112 0.020408 0.239543 1.000000
0.812792 0.202931 -0.138405 1.000000
0.199142 -0.209232 0.065294 0.000000
-0.463326 0.352818 -0.130987 2.000000
0.262255 0.294053 -0.047786 2.000000
0.778465 0.011671 -0.076576 1.000000
0.379831 0.073304 0.241280 2.000000
-0.020602 0.416317 -0.164171 2.000000
0.024651 -0.150727 0.118181 0.000000
0.815726 -0.176398 -0.126519 1.000000
-0.183371 -0.337543 -0.151109 0.000000
0.576609 -0.063509 0.153829 1.000000
-0.253680 0.191385 0.109200 2.000000
0.186626 -0.000163 0.309413 0.000000
-0.306256 0.362990 -0.104585 2.000000
0.652190 0.158124 0.085544 1.000000
-0.109245 -0.354531 -0.195596 0.000000
-0.794438 -0.343153 -0.114606 3.000000
0.160999 -0.445730 -0.228333 0.000000
0.013697 0.042254 0.294677 2.000000
-0.003212 -0.235193 0.030551 0.000000
-0.053696 0.164332 0.131134 2.000000
-0.582500 0.084384 0.188188 2.000000
0.314030 0.290633 -0.049459 2.000000
0.684122 -0.070780 0.021755 1.000000
0.700988 0.362046 -0.146467 2.000000
-0.010418 0.388566 -0.138654 2.000000
-0.233110 -0.308193 -0.087616 0.000000
-0.125246 -0.254038 0.020062 0.000000
0.443568 0.411548 -0.133979 2.000000
0.117121 0.005121 0.286708 0.000000
0.330587 -0.077125 0.226722 0.000000
0.520283 0.208354 0.045868 2.000000
-0.533685 -0.061952 0.246086 0.000000
0.085728 -0.392268 -0.199805 0.000000
-0.513258 0.401433 -0.163450 2.000000
-0.133625 0.312630 -0.069697 2.000000
-0.018373 -0.205385 0.039241 0.000000
0.696624 -0.312656 -0.092507 0.000000
-0.446751 0.196502 0.087785 2.000000
-0.732172 -0.098855 -0.041488 3.000000
-0.226178 0.042635 0.277955 2.000000
0.102081 0.209576 0.079431 2.000000
-0.515788 0.180863 0.070087 2.000000
0.870251 -0.065970 -0.197681 1.000000
-0.563782 0.124937 0.172699 2.000000
0.323097 0.000407 0.296694 0.000000
-0.683612 -0.030304 0.105307 3.000000
0.532522 -0.207414 0.061304 0.000000
0.708730 0.088314 -0.001179 1.000000
-0.798335 -0.185073 -0.136026 3.000000
0.640414 0.086521 0.076349 1.000000
-0.725371 0.282498 -0.057222 2.000000
-0.227277 -0.251653 -0.013818 0.000000
0.253383 0.188139 0.118921 2.000000
0.760996 -0.073591 -0.075477 1.000000
-0.517963 -0.216021 0.020953 0.000000
0.217833 -0.267251 -0.050879 0.000000
-0.143571 -0.248454 0.004179 0.000000
-0.296472 0.015182 0.281840 2.000000
-0.699199 0.398771 -0.173262 2.000000
-0.734577 -0.196830 -0.027720 3.000000
0.145000 0.419970 -0.202581 2.000000
-0.076261 0.361338 -0.141438 2.000000
-0.281588 0.133761 0.166764 2.000000
0.372090 0.049087 0.271828 2.000000
0.026869 -0.357290 -0.169809 0.000000
0.757405 -0.309287 -0.098394 0.000000
0.369549 0.408365 -0.187196 2.000000
-0.463477 0.329418 -0.056581 2.000000
-0.243120 0.069377 0.232162 2.000000
0.248187 -0.094222 0.163413 0.000000
0.762136 0.011988 -0.051772 1.000000
0.101357 -0.241657 0.021307 0.000000
-0.678721 0.373461 -0.159636 2.000000
0.816563 0.066747 -0.140014 1.000000
-0.753940 -0.356066 -0.145981 0.000000
0.796328 -0.382426 -0.174605 0.000000
-0.053763 0.245333 0.044734 2.000000
0.118740 -0.038933 0.280356 0.000000
-0.121674 -0.305794 -0.044780 0.000000
-0.069631 0.174321 0.087273 2.000000
0.307520 -0.434292 -0.245798 0.000000
0.272944 0.305280 -0.078113 2.000000
-0.022808 -0.388166 -0.190561 0.000000
0.597441 0.207160 0.069338 2.000000
0.832336 -0.412269 -0.183127 0.000000
0.321475 -0.173464 0.114153 0.000000
-0.112640 0.317910 -0.060718 2.000000
-0.049643 -0.120954 0.133079 0.000000
-0.717702 -0.279428 -0.046260 0.000000
-0.054510 0.376258 -0.145557 2.000000
-0.801911 -0.189580 -0.143147 3.000000
-0.397500 -0.156794 0.096600 0.000000
0.762480 -0.190703 -0.081727 1.000000
0.737930 -0.288756 -0.080182 0.000000
0.728405 -0.114193 0.009345 1.000000
0.362738 0.208136 0.062172 2.000000
-0.447116 -0.297199 -0.047433 0.000000
0.196834 -0.111128 0.173472 0.000000
0.046413 -0.161780 0.110214 0.000000
-0.067989 0.337389 -0.072820 2.000000
0.862771 0.194410 -0.177522 1.000000
-0.408082 -0.370657 -0.160476 0.000000
-0.838877 -0.308677 -0.224779 3.000000
-0.723833 -0.142109 -0.021850 3.000000
-0.029823 0.165849 0.120038 2.000000
0.879007 0.273583 -0.219034 1.000000
0.208772 0.244631 0.039632 2.000000
-0.284522 -0.038529 0.283102 0.000000
-0.571113 -0.303531 -0.063858 0.000000
0.692738 -0.178534 0.028563 1.000000
0.424823 0.446426 -0.226423 2.000000
0.140654 0.259515 -0.005768 2.000000
-0.091275 -0.140701 0.137053 0.000000
0.024896 0.417727 -0.170984 2.000000
-0.079106 -0.138428 0.121944 0.000000
0.308686 0.051691 0.264658 2.000000
-0.505382 -0.125205 0.141584 0.000000
0.429603 0.065568 0.235775 2.000000
0.220173 -0.004710 0.301753 0.000000
0.477964 -0.068544 0.245255 0.000000
0.101999 -0.428424 -0.217468 0.000000
0.728305 -0.255701 -0.032886 0.000000
-0.675747 -0.028012 0.081479 3.000000
-0.386953 -0.367896 -0.160036 0.000000
-0.159861 0.211867 0.038834 2.000000
-0.314079 -0.384771 -0.165935 0.000000
-0.237542 0.460507 -0.236161 2.000000
0.082574 -0.025166 0.295310 0.000000
0.334371 0.150194 0.158385 2.000000
0.522412 0.138984 0.135572 2.000000
0.760609 0.253900 -0.063799 1.000000
-0.139958 -0.433440 -0.206425 0.000000
-0.326185 -0.426250 -0.230225 0.000000
-0.499012 -0.411762 -0.216320 0.000000
-0.005138 -0.065771 0.213513 0.000000
-0.683768 -0.063492 0.081495 3.000000
-0.723879 -0.260651 -0.045841 0.000000
0.593707 0.160241 0.108179 2.000000
0.464611 -0.220602 0.016672 0.000000
-0.783083 0.286903 -0.135206 3.000000
0.096152 -0.305432 -0.078495 0.000000
0.349443 -0.063339 0.206277 0.000000
0.015861 -0.054137 0.265246 0.000000
-0.118894 0.434839 -0.227305 2.000000
0.810265 -0.375197 -0.205297 0.000000
-0.603520 -0.331393 -0.114707 0.000000
-0.731132 -0.339853 -0.134952 0.000000
0.320112 -0.067830 0.215630 0.000000
0.471986 -0.122690 0.150242 0.000000
0.449094 0.069538 0.224323 2.000000
-0.290360 -0.300764 -0.089817 0.000000
-0.298661 -0.005151 0.286557 0.000000
0.663854 0.364254 -0.121822 2.000000
0.812792 0.202931 -0.138405 1.000000
-0.254095 -0.369713 -0.165981 0.000000
0.879186 -0.391561 -0.209515 1.000000
0.448473 0.333445 -0.087246 2.000000
0.199347 0.395986 -0.187027 2.000000
-0.621067 -0.201425 0.035770 0.000000
0.539746 -0.168788 0.105570 0.000000
0.083092 -0.208319 0.035553 0.000000
0.383112 0.200374 0.079492 2.000000
-0.197331 -0.202505 0.054151 0.000000
-0.511446 -0.267419 -0.063178 0.000000
0.395155 0.180736 0.101001 2.000000
0.375349 -0.287739 -0.053708 0.000000
-0.247990 -0.066389 0.260647 0.000000
0.262418 -0.126767 0.129147 0.000000
-0.119838 -0.250110 -0.010758 0.000000
-0.851048 -0.096205 -0.239954 3.000000
0.723276 0.425901 -0.220485 2.000000
0.495883 -0.145241 0.113025 0.000000
-0.397574 0.203252 0.079006 2.000000
-0.337276 -0.034722 0.289091 0.000000
-0.608125 0.203382 0.062364 2.000000
-0.170706 0.278271 -0.006675 2.000000
0.313022 0.001433 0.317507 0.000000
-0.677455 0.415054 -0.206043 2.000000
-0.456695 0.103282 0.204963 2.000000
0.490903 -0.083377 0.206991 0.000000
0.597536 -0.181582 0.064787 0.000000
-0.328577 0.461996 -0.246862 2.000000
0.231549 -0.247097 -0.014048 0.000000
-0.719528 -0.279157 -0.037053 0.000000
0.441211 -0.142693 0.123112 0.000000
-0.191267 -0.274267 -0.040720 0.000000
-0.462742 0.127116 0.156142 2.000000
0.704223 -0.194550 0.016483 1.000000
0.855395 -0.155060 -0.223389 1.000000
0.365258 0.138475 0.173835 2.000000
-0.603143 0.363188 -0.126313 2.000000
-0.574110 -0.428461 -0.246196 0.000000
-0.297421 0.421560 -0.196811 2.000000
-0.779538 0.154895 -0.131129 3.000000
-0.388200 -0.293509 -0.056102 0.000000
-0.417663 -0.387540 -0.181264 0.000000
-0.825952 0.160158 -0.227692 3.000000
0.784592 0.021160 -0.123025 1.000000
-0.385664 0.315590 -0.067578 2.000000
-0.570981 -0.347096 -0.118765 0.000000
-0.111706 -0.269352 -0.016187 0.000000
-0.113216 0.263885 -0.016005 2.000000
0.247492 -0.235182 0.047820 0.000000
-0.355907 -0.018638 0.284075 0.000000
0.040580 -0.129549 0.131972 0.000000
-0.444284 -0.175026 0.099458 0.000000
-0.292381 -0.038121 0.257208 0.000000
0.114839 -0.327747 -0.113571 0.000000
0.261869 0.314099 -0.020093 2.000000
0.876685 0.143682 -0.229650 1.000000
-0.623889 -0.153801 0.118628 0.000000
-0.165808 0.300987 -0.061375 2.000000
-0.785836 0.423568 -0.231782 2.000000
-0.614658 0.253637 -0.015607 2.000000
0.412906 -0.119309 0.162289 0.000000
0.197573 -0.000314 0.284684 0.000000
0.660635 -0.308516 -0.104096 0.000000
-0.178026 -0.458034 -0.253212 0.000000
-0.568605 -0.007729 0.294777 0.000000
-0.267290 -0.013744 0.286085 0.000000
0.805050 -0.219136 -0.149875 1.000000
0.665333 0.089929 0.075930 1.000000
0.875144 -0.178293 -0.208340 1.000000
0.723458 -0.114558 0.006850 1.000000
-0.597659 0.065943 0.220473 3.000000
0.687279 -0.103546 0.008116 1.000000
-0.340057 0.403977 -0.187711 2.000000
0.256533 -0.332954 -0.160302 0.000000
0.575934 0.070887 0.142047 1.000000
0.382350 0.236145 0.025811 2.000000
0.527983 0.415542 -0.207560 2.000000
-0.461286 -0.085490 0.187710 0.000000
-0.505194 -0.204040 0.042142 0.000000
-0.076272 -0.008330 0.316665 0.000000
-0.014457 0.147174 0.128619 2.000000
0.660180 0.363947 -0.133020 2.000000
0.489738 -0.378505 -0.187872 0.000000
0.430135 -0.063541 0.197996 0.000000
-0.296288 -0.012053 0.295748 0.000000
0.315452 0.282624 -0.008341 2.000000
-0.723867 0.410792 -0.184874 2.000000
0.206061 -0.374704 -0.172831 0.000000
0.623629 -0.317612 -0.098338 0.000000
0.474911 0.062674 0.253727 2.000000
0.750942 0.066064 -0.071047 1.000000
0.140754 0.016938 0.310809 2.000000
0.051536 -0.231212 0.022103 0.000000
0.284257 -0.369731 -0.176256 0.000000
0.051876 -0.374447 -0.154154 0.000000
-0.384295 -0.060715 0.234068 0.000000
-0.276564 0.021313 0.286352 0.000000
0.148623 0.106691 0.189434 2.000000
-0.190328 -0.239291 -0.002124 0.000000
-0.025030 -0.173255 0.072277 0.000000
-0.354285 0.357520 -0.127690 2.000000
-0.244469 -0.183163 0.075234 0.000000
0.208088 -0.414736 -0.210913 0.000000
-0.451355 0.142919 0.132356 2.000000
-0.006977 0.207330 0.037603 2.000000
0.753682 -0.281521 -0.074624 0.000000
0.212330 0.353255 -0.107454 2.000000
-0.788177 -0.291203 -0.140347 3.000000
0.854075 0.208492 -0.205462 1.000000
-0.796115 -0.265576 -0.139291 3.000000
0.662583 0.369277 -0.112659 2.000000
-0.443505 0.012481 0.316381 0.000000
-0.834112 0.166915 -0.238904 3.000000
0.871044 -0.312863 -0.205354 1.000000
-0.174247 -0.148848 0.138436 0.000000
-0.642796 -0.161431 0.089276 0.000000
-0.355672 0.062920 0.210604 2.000000
0.596515 0.017060 0.153094 1.000000
0.710784 -0.274921 -0.034578 0.000000
-0.840086 -0.021153 -0.247772 3.000000
-0.686612 -0.097221 0.100037 3.000000
0.166204 0.091702 0.211430 2.000000
-0.550117 0.310415 -0.057335 2.000000
-0.441043 0.302828 -0.067967 2.000000
-0.744082 -0.028524 -0.019165 3.000000
-0.784665 0.431737 -0.227982 2.000000
0.572554 0.007297 0.144965 1.000000
-0.217702 -0.214227 0.048886 0.000000
-0.448053 -0.292650 -0.082253 0.000000
-0.772657 -0.007287 -0.130500 3.000000
-0.624978 0.220298 0.045019 2.000000
0.369935 -0.023377 0.282085 0.000000
0.260736 0.107789 0.222897 2.000000
-0.733353 0.441782 -0.243742 2.000000
0.661478 -0.305059 -0.094482 0.000000
0.373392 -0.155751 0.096482 0.000000
0.371350 0.399788 -0.175523 2.000000
0.590186 -0.074224 0.183956 1.000000
-0.450440 -0.114209 0.161763 0.000000
0.651522 0.424315 -0.198700 2.000000
0.874812 0.059283 -0.225853 1.000000
0.267157 0.412693 -0.226979 2.000000
0.489153 -0.130741 0.144588 0.000000
0.804267 0.030392 -0.121000 1.000000
-0.850175 0.238861 -0.239477 3.000000
0.539765 0.065298 0.249366 1.000000
0.301812 0.276791 0.024785 2.000000
-0.178750 0.062450 0.254787 2.000000
0.263428 -0.283157 -0.053632 0.000000
-0.579582 0.255390 0.010806 2.000000
0.085312 -0.152668 0.100879 0.000000
-0.730640 -0.160232 -0.024996 3.000000
-0.782781 -0.358796 -0.160534 0.000000
-0.291213 0.004603 0.302416 2.000000
0.540237 0.325481 -0.055086 2.000000
-0.550258 0.337711 -0.101028 2.000000
0.594030 0.151846 0.137947 2.000000
0.533103 -0.102628 0.176269 0.000000
-0.835414 -0.106538 -0.230097 3.000000
0.383902 -0.393227 -0.191506 0.000000
0.887539 -0.294616 -0.211865 1.000000
-0.840443 -0.012720 -0.259750 3.000000
0.035187 0.183498 0.096140 2.000000
-0.314079 -0.384771 -0.165935 0.000000
0.600675 -0.252099 0.001780 0.000000
0.201075 -0.395472 -0.207153 0.000000
0.091845 0.293458 -0.063339 2.000000
-0.347344 -0.167666 0.084934 0.000000
0.542050 0.170488 0.098146 2.000000
-0.684548 -0.392959 -0.205699 0.000000
-0.786439 0.371977 -0.130689 2.000000
0.439040 -0.113599 0.160926 0.000000
-0.843970 -0.010894 -0.219467 3.000000
0.257487 0.211509 0.074618 2.000000
-0.287896 -0.387952 -0.195561 0.000000
-0.572989 0.306387 -0.090673 2.000000
-0.128129 -0.403704 -0.234016 0.000000
0.314903 0.417143 -0.190898 2.000000
0.705763 -0.114593 0.032349 1.000000
-0.470092 0.231091 0.029015 2.000000
0.492906 -0.398500 -0.177976 0.000000
0.588166 0.273846 -0.014528 2.000000
0.817441 -0.340347 -0.135620 0.000000
0.585946 -0.218641 0.075851 0.000000
0.146045 -0.206228 0.043406 0.000000
0.598022 0.384729 -0.169848 2.000000
-0.388318 -0.069810 0.225486 0.000000
0.476640 -0.385056 -0.198286 0.000000
0.807840 0.287892 -0.128984 1.000000
0.595430 0.030180 0.150053 1.000000
-0.633842 -0.148685 0.113807 0.000000
0.210629 0.211018 0.030008 2.000000
0.720233 -0.159985 0.021869 1.000000
0.533974 0.040705 0.248352 1.000000
0.579104 0.250981 0.035372 2.000000
-0.130325 0.191176 0.129003 2.000000
-0.353817 -0.124384 0.141277 0.000000
0.523031 0.372041 -0.144079 2.000000
0.217216 0.373412 -0.161751 2.000000
0.189281 -0.351031 -0.142172 0.000000
0.155415 -0.303565 -0.048464 0.000000
0.437623 -0.101477 0.174954 0.000000
0.149822 0.294526 -0.027423 2.000000
0.102586 -0.359849 -0.129872 0.000000
-0.233706 0.305974 -0.042619 2.000000
-0.729342 0.039069 -0.012946 3.000000
-0.781238 -0.371274 -0.169723 0.000000
-0.180030 -0.240852 -0.005405 0.000000
-0.498391 0.208589 0.068137 2.000000
0.466342 -0.396352 -0.172605 0.000000
-0.305193 -0.056577 0.246041 0.000000
-0.012207 -0.446824 -0.233418 0.000000
-0.456823 -0.136143 0.143347 0.000000
0.317978 0.321770 -0.078072 2.000000
-0.505903 -0.048236 0.238936 0.000000
-0.727362 0.322186 -0.088028 2.000000
-0.560736 0.394804 -0.155585 2.000000
-0.468072 0.437554 -0.238544 2.000000
-0.583022 -0.360790 -0.139628 0.000000
-0.170413 0.156747 0.128230 2.000000
-0.845559 0.124268 -0.235067 3.000000
-0.552003 0.354063 -0.147491 2.000000
0.862522 -0.274730 -0.224481 1.000000
-0.239595 -0.134243 0.141756 0.000000
0.704244 -0.024559 0.012306 1.000000
-0.175508 0.025066 0.311006 2.000000
-0.629254 0.420582 -0.190352 2.000000
-0.624645 -0.429843 -0.221153 0.000000
0.534014 0.239907 0.005250 2.000000
0.486773 -0.303709 -0.049664 0.000000
0.184937 -0.253926 -0.009753 0.000000
0.095024 -0.220465 0.006082 0.000000
-0.392251 0.265911 -0.024580 2.000000
-0.495119 -0.212961 0.043515 0.000000
-0.464173 -0.201827 0.051064 0.000000
0.874812 0.059283 -0.225853 1.000000
-0.139123 -0.207759 0.041245 0.000000
-0.607266 -0.096309 0.206419 0.000000
0.256533 -0.332954 -0.160302 0.000000
0.828788 0.139443 -0.145578 1.000000
0.216509 0.313791 -0.058257 2.000000
0.345990 0.314141 -0.087642 2.000000
0.320887 0.208673 0.042250 2.000000
0.033711 0.393450 -0.205987 2.000000
-0.597659 0.065943 0.220473 3.000000
-0.462112 -0.312863 -0.072087 0.000000
0.534099 0.395598 -0.191127 2.000000
-0.729258 -0.049955 -0.025669 3.000000
-0.140853 -0.065961 0.210770 0.000000
0.474137 -0.176501 0.090007 0.000000
-0.562970 -0.006876 0.315239 2.000000
-0.004138 -0.265544 -0.018200 0.000000
0.760996 -0.073591 -0.075477 1.000000
0.826617 0.451389 -0.242355 2.000000
-0.280590 0.387494 -0.179958 2.000000
0.630986 0.145192 0.092717 1.000000
0.194874 -0.037395 0.264202 0.000000
0.428898 0.395654 -0.153873 2.000000
0.856639 0.280165 -0.211492 1.000000
0.360703 -0.362474 -0.132643 0.000000
-0.438634 0.391866 -0.143930 2.000000
-0.547578 0.176378 0.115236 2.000000
0.207244 0.125387 0.148508 2.000000
0.871044 -0.312863 -0.205354 1.000000
0.362738 0.208136 0.062172 2.000000
-0.661894 0.027244 0.128561 3.000000
-0.291169 -0.239449 0.002585 0.000000
0.539213 0.445474 -0.232415 2.000000
-0.305602 0.202330 0.076248 2.000000
-0.056550 0.196986 0.124017 2.000000
0.879863 0.351006 -0.220584 1.000000
-0.697847 -0.317019 -0.115972 0.000000
0.150735 -0.257353 0.001860 0.000000
-0.009427 0.030127 0.307546 2.000000
0.710784 -0.274921 -0.034578 0.000000
-0.787523 0.015119 -0.117957 3.000000
0.321475 -0.173464 0.114153 0.000000
0.832714 0.014884 -0.135435 1.000000
0.475298 -0.355157 -0.164204 0.000000
-0.179161 0.222684 0.034320 2.000000
0.218695 -0.423808 -0.229246 0.000000
-0.573321 -0.288388 -0.049169 0.000000
0.700952 -0.435288 -0.239865 0.000000
-0.786203 0.080652 -0.120344 3.000000
0.201075 -0.395472 -0.207153 0.000000
-0.339701 0.001734 0.315421 2.000000
0.534025 -0.294582 -0.085476 0.000000
-0.020265 -0.372125 -0.161409 0.000000
0.260736 0.107789 0.222897 2.000000
-0.802577 -0.176057 -0.145283 3.000000
0.421773 -0.025448 0.287928 0.000000
0.800858 -0.410236 -0.201899 0.000000
-0.506027 -0.284700 -0.050560 0.000000
0.030551 0.201427 0.078040 2.000000
-0.567412 0.321407 -0.090532 2.000000
0.859036 0.356550 -0.200980 1.000000
-0.517316 0.097000 0.230024 2.000000
-0.355907 -0.068081 0.233219 0.000000
0.362236 0.408677 -0.218501 2.000000
-0.014688 0.044699 0.261289 2.000000
0.035912 0.210016 0.049656 2.000000
0.319912 0.180151 0.114838 2.000000
-0.782678 -0.151849 -0.131112 3.000000
-0.455325 0.108082 0.174182 2.000000
-0.248101 -0.098892 0.165550 0.000000
0.600296 -0.029298 0.157718 1.000000
0.139840 -0.344984 -0.136401 0.000000
-0.617311 -0.433969 -0.232378 0.000000
-0.242533 -0.338192 -0.107037 0.000000
0.605969 -0.190412 0.056762 0.000000
0.103880 -0.154692 0.113239 0.000000
0.196834 -0.111128 0.173472 0.000000
0.264738 0.368524 -0.146145 2.000000
0.096837 -0.402453 -0.229099 0.000000
0.101511 0.343188 -0.108089 2.000000
-0.781173 -0.296641 -0.142688 3.000000
0.154678 0.416509 -0.194589 2.000000
-0.358583 -0.133724 0.116887 0.000000
-0.665863 -0.203094 0.054358 0.000000
-0.742723 -0.125280 -0.018849 3.000000
-0.549930 0.159872 0.148638 2.000000
-0.544409 0.214874 0.056169 2.000000
0.594702 0.060575 0.158129 1.000000
-0.237128 -0.333059 -0.080177 0.000000
0.701131 0.386794 -0.168797 2.000000
-0.736253 -0.130911 -0.038821 3.000000
-0.356051 -0.330668 -0.146564 0.000000
-0.460231 -0.288265 -0.039399 0.000000
-0.679124 0.430273 -0.212986 2.000000
-0.189443 0.183895 0.104330 2.000000
0.825829 0.081432 -0.133737 1.000000
-0.028525 0.140113 0.152193 2.000000
0.758737 -0.021723 -0.085294 1.000000
-0.223132 -0.331429 -0.090408 0.000000
-0.604512 -0.339998 -0.112086 0.000000
0.724913 -0.184545 -0.000663 1.000000
0.422354 -0.354377 -0.140166 0.000000
-0.019609 -0.007458 0.308326 0.000000
0.740816 -0.147694 -0.076815 1.000000
-0.857111 0.123214 -0.230945 3.000000
-0.508616 -0.356150 -0.149896 0.000000
0.887539 -0.294616 -0.211865 1.000000
-0.188734 0.376837 -0.186866 2.000000
-0.802132 -0.018726 -0.138902 3.000000
0.665855 -0.047326 0.061881 1.000000
0.314205 0.190876 0.084529 2.000000
-0.797696 -0.330881 -0.128497 0.000000
0.052860 -0.057238 0.250658 0.000000
-0.084179 0.016680 0.295929 2.000000
-0.296002 -0.137530 0.130815 0.000000
-0.758092 0.300620 -0.081427 2.000000
-0.491419 -0.185019 0.099821 0.000000
-0.128336 -0.115793 0.156140 0.000000
0.692205 0.242406 0.008295 1.000000
-0.405592 0.375427 -0.159259 2.000000
-0.477636 0.156318 0.141461 2.000000
0.203772 -0.209043 0.033361 0.000000
-0.393952 0.272773 -0.053164 2.000000
-0.280166 0.334087 -0.096172 2.000000
-0.413487 0.394416 -0.175218 2.000000
-0.384300 -0.421916 -0.183951 0.000000
-0.542985 -0.166568 0.118249 0.000000
-0.494007 -0.223692 0.023247 0.000000
0.196908 0.059367 0.282611 2.000000
-0.715556 0.279341 -0.038273 2.000000
-0.300690 0.066373 0.244833 2.000000
0.866296 -0.272852 -0.196397 1.000000
-0.410167 -0.412581 -0.228625 0.000000
-0.787246 0.156153 -0.149191 3.000000
-0.346758 -0.415601 -0.242083 0.000000
-0.629983 0.097631 0.230752 3.000000
0.376667 -0.293423 -0.079733 0.000000
-0.498391 0.208589 0.068137 2.000000
-0.293420 -0.253305 -0.011899 0.000000
-0.299932 0.089222 0.206424 2.000000
-0.459866 -0.101693 0.190843 0.000000
-0.258311 -0.006392 0.308259 0.000000
-0.783928 -0.216391 -0.126491 3.000000
-0.073019 0.233500 0.056268 2.000000
0.368318 0.311139 -0.053664 2.000000
-0.136852 0.181913 0.098953 2.000000
0.869627 0.292764 -0.210988 1.000000
0.473043 -0.041047 0.270165 0.000000
0.197403 0.025585 0.268483 2.000000
-0.456643 0.311518 -0.073756 2.000000
0.328873 0.395475 -0.176209 2.000000
0.482285 -0.429808 -0.230859 0.000000
-0.787521 0.239319 -0.133818 3.000000
-0.678861 -0.435020 -0.220449 0.000000
0.219782 0.270463 0.018215 2.000000
0.586400 0.007697 0.166422 1.000000
-0.248101 -0.098892 0.165550 0.000000
0.372929 0.333196 -0.117545 2.000000
0.420093 -0.111578 0.169810 0.000000
0.279592 -0.076036 0.232830 0.000000
-0.482438 0.177227 0.119714 2.000000
0.251380 0.235135 0.031349 2.000000
0.651349 -0.243346 -0.006272 0.000000
0.237414 0.031544 0.277981 2.000000
-0.080675 -0.349617 -0.081895 0.000000
0.581249 -0.002443 0.149618 1.000000
0.635767 -0.376742 -0.151639 0.000000
-0.237386 0.001299 0.314673 2.000000
-0.668395 0.096912 0.117548 3.000000
0.369856 0.158127 0.122663 2.000000
-0.419593 -0.418544 -0.236149 0.000000
0.531359 -0.260667 -0.017823 0.000000
-0.009261 -0.201684 0.083403 0.000000
-0.791513 -0.302595 -0.118713 3.000000
0.195600 -0.032039 0.283183 0.000000
-0.308773 0.164574 0.108022 2.000000
0.086082 0.153480 0.146051 2.000000
-0.736102 0.434106 -0.228287 2.000000
-0.291169 -0.239449 0.002585 0.000000
-0.012731 -0.360217 -0.178253 0.000000
-0.458770 -0.055744 0.289154 0.000000
-0.445059 0.242208 0.010089 2.000000
-0.557567 -0.439218 -0.241219 0.000000
-0.129625 -0.184898 0.084436 0.000000
0.395155 0.180736 0.101001 2.000000
0.865255 0.435804 -0.232164 2.000000
0.219655 -0.322188 -0.113015 0.000000
0.265750 0.398146 -0.230063 2.000000
0.550021 0.148037 0.144957 2.000000
-0.737135 -0.234817 -0.025120 3.000000
-0.293364 0.436409 -0.214892 2.000000
-0.249223 -0.394248 -0.199024 0.000000
0.485419 0.053806 0.274200 2.000000
0.474756 0.362137 -0.129807 2.000000
-0.308815 0.146314 0.171089 2.000000
-0.849373 -0.379753 -0.226612 3.000000
0.660552 0.007094 0.099639 1.000000
0.253934 0.442514 -0.226586 2.000000
0.255352 0.014594 0.308194 2.000000
0.236819 -0.128746 0.153036 0.000000
0.434228 0.362036 -0.129118 2.000000
-0.474497 -0.111424 0.183510 0.000000
-0.185034 -0.133339 0.172788 0.000000
-0.354692 0.286543 -0.052310 2.000000
0.832218 -0.164942 -0.114599 1.000000
-0.229948 0.123842 0.170436 2.000000
-0.022564 -0.391400 -0.179695 0.000000
0.822283 -0.046353 -0.142834 1.000000
0.432152 0.083891 0.244582 2.000000
-0.009427 0.030127 0.307546 2.000000
0.107811 0.328408 -0.085646 2.000000
-0.300123 0.431946 -0.210253 2.000000
-0.502262 -0.044464 0.244284 0.000000
0.585035 0.270702 -0.004984 2.000000
-0.131472 0.009730 0.304831 2.000000
-0.664300 -0.269145 -0.047987 0.000000
0.198899 0.343899 -0.117603 2.000000
0.760865 -0.349477 -0.133965 0.000000
-0.351407 -0.222164 0.055091 0.000000
0.599126 0.445856 -0.250548 2.000000
0.857712 -0.244512 -0.221335 1.000000
-0.730834 -0.434092 -0.240472 0.000000
-0.502262 -0.044464 0.244284 0.000000
0.123938 -0.130878 0.134992 0.000000
0.005329 0.145737 0.148077 2.000000
-0.516318 -0.313279 -0.095867 0.000000
-0.577763 0.160425 0.120124 2.000000
-0.187922 0.139485 0.150705 2.000000
0.597408 0.003546 0.145171 1.000000
-0.801558 -0.035711 -0.130594 3.000000
0.541487 0.254673 0.009631 2.000000
0.843847 -0.261984 -0.205974 1.000000
0.885061 0.060579 -0.213836 1.000000
0.302732 0.448099 -0.215216 2.000000
0.548811 -0.388052 -0.184910 0.000000
-0.840114 -0.082140 -0.224849 3.000000
0.826396 0.136778 -0.108669 1.000000
-0.572926 0.349638 -0.136585 2.000000
-0.029823 0.165849 0.120038 2.000000
-0.338174 0.441787 -0.211390 2.000000
-0.486236 -0.413656 -0.230925 0.000000
0.036773 0.319078 -0.076322 2.000000
0.641717 0.029392 0.064942 1.000000
-0.865301 -0.347880 -0.221758 3.000000
0.756994 -0.374141 -0.167473 0.000000
-0.336178 -0.183919 0.050010 0.000000
0.814385 -0.222806 -0.137662 1.000000
0.207020 0.357620 -0.142237 2.000000
0.208926 -0.343406 -0.148944 0.000000
0.024896 0.417727 -0.170984 2.000000
-0.612260 -0.089227 0.149143 0.000000
0.151496 -0.017732 0.302603 0.000000
-0.734756 0.360201 -0.125096 2.000000
0.860830 0.301168 -0.205206 1.000000
-0.587377 0.226212 0.041472 2.000000
0.881019 0.207328 -0.203961 1.000000
-0.015085 -0.258212 -0.041062 0.000000
0.266259 0.377256 -0.155124 2.000000
-0.246649 -0.320974 -0.089371 0.000000
-0.857963 0.391347 -0.231761 3.000000
-0.164131 0.035373 0.275645 2.000000
0.819590 -0.155602 -0.128590 1.000000
-0.021032 -0.223758 0.019187 0.000000
0.021364 0.447847 -0.216716 2.000000
-0.282388 0.154134 0.160481 2.000000
0.589707 0.246529 -0.026287 2.000000
-0.219770 -0.074852 0.213843 0.000000
0.577550 0.168671 0.104595 2.000000
-0.844030 -0.166177 -0.233350 3.000000
-0.562679 0.184570 0.036074 2.000000
0.523531 0.435162 -0.240663 2.000000
-0.736248 0.345893 -0.122613 2.000000
0.594886 0.300129 -0.076305 2.000000
-0.025191 0.331396 -0.083111 2.000000
-0.579601 -0.313017 -0.092063 0.000000
-0.571423 0.387009 -0.166695 2.000000
-0.427045 -0.226757 0.012157 0.000000
0.605310 -0.209916 0.037064 0.000000
-0.853068 -0.325649 -0.241499 3.000000
0.135417 -0.269780 -0.043898 0.000000
-0.519422 0.127541 0.170871 2.000000
0.529555 0.055200 0.222015 1.000000
0.694087 0.213064 0.008489 1.000000
-0.686846 0.157777 0.099206 3.000000
0.583960 0.205583 0.066555 2.000000
0.041758 -0.133886 0.147121 0.000000
0.310061 0.421802 -0.194009 2.000000
0.109078 -0.341315 -0.113797 0.000000
-0.130092 -0.138626 0.092192 0.000000
-0.742200 0.434331 -0.234851 2.000000
-0.626585 0.067083 0.204392 3.000000
0.166504 -0.366962 -0.156283 0.000000
0.748431 -0.042507 -0.060644 1.000000
-0.228119 0.045790 0.293370 2.000000
0.267157 0.412693 -0.226979 2.000000
-0.402188 -0.339716 -0.133465 0.000000
-0.253818 -0.117523 0.190373 0.000000
-0.782206 -0.089085 -0.142820 3.000000
-0.075720 -0.016157 0.298782 0.000000
-0.016219 0.111754 0.196851 2.000000
0.369320 0.058243 0.242195 2.000000
0.865940 0.304252 -0.211607 1.000000
-0.794969 0.133972 -0.134375 3.000000
-0.240206 -0.263726 -0.025966 0.000000
0.476980 0.116694 0.194368 2.000000
-0.457819 0.147489 0.152163 2.000000
0.767546 -0.353876 -0.121812 0.000000
0.807363 -0.186867 -0.111936 1.000000
0.277358 0.427191 -0.223571 2.000000
-0.118894 0.434839 -0.227305 2.000000
0.599202 0.382254 -0.135066 2.000000
0.330164 0.432589 -0.217145 2.000000
0.138362 0.243290 0.043209 2.000000
0.817936 -0.401178 -0.187204 0.000000
-0.791513 -0.302595 -0.118713 3.000000
0.440750 -0.317282 -0.103149 0.000000
0.710480 0.137021 0.022249 1.000000
-0.450429 -0.355882 -0.169308 0.000000
-0.402614 -0.259513 -0.020042 0.000000
-0.457605 -0.116862 0.193750 0.000000
-0.108005 -0.371537 -0.167033 0.000000
0.045192 0.046556 0.281422 2.000000
0.428600 0.023175 0.288065 2.000000
0.195952 0.150360 0.110996 2.000000
0.774021 0.422409 -0.221700 2.000000
-0.841603 -0.289995 -0.233688 3.000000
0.525305 -0.264383 -0.018244 0.000000
0.311236 0.415180 -0.221070 2.000000
0.419742 -0.220325 0.005803 0.000000
0.638452 0.185812 0.083724 2.000000
0.880673 -0.398285 -0.207467 0.000000
-0.447576 -0.265462 -0.033519 0.000000
0.027846 0.077705 0.228169 2.000000
0.211045 0.260423 -0.013972 2.000000
-0.621522 -0.434715 -0.256280 0.000000
0.817206 -0.121559 -0.131385 1.000000
-0.548164 -0.200830 0.048699 0.000000
0.101544 0.269483 -0.001568 2.000000
0.188608 0.290121 -0.035752 2.000000
-0.343158 0.345616 -0.114583 2.000000
0.376234 0.007294 0.325335 2.000000
0.550021 0.148037 0.144957 2.000000
-0.064278 -0.050928 0.277360 0.000000
0.544719 0.214241 0.060556 2.000000
-0.307571 0.436381 -0.218803 2.000000
0.652413 0.440942 -0.221484 2.000000
-0.058444 -0.058693 0.269295 0.000000
-0.085582 0.137148 0.187442 2.000000
0.480156 -0.220409 0.014880 0.000000
0.203500 -0.141951 0.122874 0.000000
-0.060581 0.048224 0.256197 2.000000
0.743810 -0.397231 -0.221537 0.000000
-0.008157 0.319755 -0.052554 2.000000
0.692233 -0.205797 0.022365 1.000000
0.489509 0.030054 0.263154 2.000000
0.434789 -0.360333 -0.162691 0.000000
0.330587 -0.077125 0.226722 0.000000
0.103717 0.055458 0.273580 2.000000
-0.739477 0.020771 -0.032933 3.000000
-0.014785 0.239256 0.010873 2.000000
0.766093 0.417700 -0.207695 2.000000
-0.583022 -0.360790 -0.139628 0.000000
0.482396 0.341898 -0.068309 2.000000
0.832714 0.014884 -0.135435 1.000000
0.188608 0.290121 -0.035752 2.000000
0.235571 -0.131211 0.162732 0.000000
0.055688 0.391324 -0.157324 2.000000
0.042099 -0.101568 0.174370 0.000000
-0.014688 0.044699 0.261289 2.000000
-0.343900 -0.339223 -0.129888 0.000000
-0.128129 -0.403704 -0.234016 0.000000
-0.719528 -0.279157 -0.037053 0.000000
-0.011658 -0.220903 0.042638 0.000000
-0.292254 0.393050 -0.178215 2.000000
-0.031429 0.260650 -0.004693 2.000000
-0.395331 -0.004773 0.289856 0.000000
-0.448263 0.041237 0.256118 2.000000
0.769758 0.330155 -0.110523 2.000000
-0.467654 -0.314189 -0.117820 0.000000
-0.056963 0.314513 -0.054715 2.000000
-0.523997 0.137460 0.172150 2.000000
-0.449051 0.122522 0.186793 2.000000
-0.393952 0.272773 -0.053164 2.000000
-0.739189 0.358886 -0.116882 2.000000
-0.634059 -0.168699 0.118109 0.000000
-0.011658 -0.220903 0.042638 0.000000
0.101544 0.269483 -0.001568 2.000000
0.438414 0.161410 0.132026 2.000000
0.149054 0.154106 0.102318 2.000000
-0.297665 -0.107127 0.175173 0.000000
-0.081121 -0.121084 0.138107 0.000000
-0.222932 -0.132151 0.141821 0.000000
0.304288 -0.172034 0.101082 0.000000
-0.170443 -0.158143 0.118002 0.000000
0.748880 -0.272193 -0.066533 1.000000
-0.571476 0.408744 -0.221116 2.000000
-0.683612 -0.030304 0.105307 3.000000
-0.405501 0.114069 0.168770 2.000000
-0.109245 -0.354531 -0.195596 0.000000
0.357487 -0.189196 0.076491 0.000000
-0.625292 -0.210365 0.030912 0.000000
-0.473131 -0.321512 -0.074719 0.000000
-0.508630 -0.333348 -0.119786 0.000000
-0.401807 0.086655 0.204483 2.000000
0.526505 -0.181587 0.089606 0.000000
0.153393 -0.190433 0.060640 0.000000
-0.787521 0.239319 -0.133818 3.000000
0.802642 0.404123 -0.211797 2.000000
-0.004562 0.263854 -0.018011 2.000000
0.363625 0.395347 -0.201748 2.000000
-0.356051 -0.330668 -0.146564 0.000000
-0.278854 -0.024982 0.262396 0.000000
-0.522996 -0.238900 0.031212 0.000000
0.756771 0.210565 -0.059378 1.000000
-0.013287 0.052599 0.269244 2.000000
0.531912 -0.201586 0.040305 0.000000
0.152372 0.309969 -0.103859 2.000000
-0.731117 -0.388103 -0.212235 0.000000
0.523531 0.435162 -0.240663 2.000000
0.367653 -0.266468 -0.049113 0.000000
-0.634187 -0.225847 0.014654 0.000000
0.709448 -0.139136 0.007606 1.000000
0.378940 0.065296 0.265719 2.000000
-0.292482 -0.073119 0.227858 0.000000
0.595245 0.133926 0.161364 1.000000
-0.737477 -0.123178 -0.052277 3.000000
-0.839931 0.022469 -0.241773 3.000000
-0.064450 -0.146263 0.146952 0.000000
-0.634697 0.383021 -0.169871 2.000000
0.885205 0.374990 -0.216616 1.000000
0.263174 -0.361522 -0.130163 0.000000
-0.714607 0.170502 -0.022430 3.000000
-0.004626 0.199085 0.079415 2.000000
0.812612 0.180912 -0.121301 1.000000
-0.294827 0.445893 -0.232287 2.000000
0.641964 -0.039929 0.086314 1.000000
-0.680785 -0.249286 0.029499 0.000000
-0.836840 -0.266539 -0.234490 3.000000
-0.124229 0.223337 0.042469 2.000000
0.546443 -0.015812 0.243081 1.000000
-0.243838 -0.188442 0.086388 0.000000
-0.063331 -0.242664 -0.010300 0.000000
0.369549 0.408365 -0.187196 2.000000
-0.657450 -0.079501 0.087654 3.000000
-0.666269 -0.411047 -0.212370 0.000000
0.411507 0.342859 -0.087242 2.000000
0.320703 0.301745 -0.064833 2.000000
0.004682 -0.020397 0.278446 0.000000
-0.460231 -0.288265 -0.039399 0.000000
-0.116753 -0.152921 0.116673 0.000000
0.604937 -0.211126 0.060973 0.000000
-0.750385 -0.021643 -0.039957 3.000000
-0.110008 0.385890 -0.153142 2.000000
-0.549930 0.159872 0.148638 2.000000
0.598577 0.216149 0.059823 2.000000
-0.560231 0.248488 0.006559 2.000000
-0.782523 -0.051798 -0.128783 3.000000
-0.013424 -0.119996 0.166056 0.000000
0.106783 -0.321793 -0.110365 0.000000
-0.397511 -0.311513 -0.100934 0.000000
-0.679615 -0.002553 0.097899 3.000000
-0.345155 0.247325 0.042971 2.000000
-0.003652 0.241832 0.080315 2.000000
0.544887 -0.118369 0.153897 0.000000
0.257174 0.308691 -0.022983 2.000000
-0.607392 0.441661 -0.242004 2.000000
0.605138 -0.436895 -0.237012 0.000000
-0.622960 0.117327 0.162685 2.000000
-0.285988 -0.094469 0.175627 0.000000
0.324214 -0.130645 0.153201 0.000000
-0.121469 0.369108 -0.130151 2.000000
-0.293745 0.136879 0.187216 2.000000
0.159303 -0.427389 -0.249474 0.000000
-0.084399 0.380132 -0.179190 2.000000
0.242096 0.174151 0.126778 2.000000
-0.413487 0.394416 -0.175218 2.000000
0.031606 -0.383862 -0.166083 0.000000
0.758574 -0.420862 -0.185647 0.000000
0.041758 -0.133886 0.147121 0.000000
-0.577730 -0.122334 0.163272 0.000000
-0.568551 0.170652 0.076665 2.000000
-0.187920 0.248447 0.026509 2.000000
0.158018 -0.337010 -0.133392 0.000000
-0.307571 0.436381 -0.218803 2.000000
-0.834112 0.166915 -0.238904 3.000000
-0.476910 0.178681 0.103572 2.000000
-0.282753 -0.109007 0.153927 0.000000
-0.720696 -0.184615 -0.009560 3.000000
0.101795 0.159630 0.126378 2.000000
-0.449498 -0.325395 -0.070565 0.000000
-0.000292 -0.059625 0.233382 0.000000
-0.719067 0.446181 -0.248886 2.000000
0.330241 0.127695 0.178458 2.000000
-0.012756 0.219030 0.067509 2.000000
-0.505482 0.090134 0.222694 2.000000
-0.310307 -0.246458 -0.011638 0.000000
-0.745367 0.338764 -0.059716 2.000000
-0.144986 0.395717 -0.145715 2.000000
0.413629 0.134493 0.137810 2.000000
-0.185034 -0.133339 0.172788 0.000000
0.103554 -0.359633 -0.160378 0.000000
-0.617130 0.140627 0.157706 2.000000
0.443568 0.411548 -0.133979 2.000000
-0.068464 -0.234298 0.044605 0.000000
-0.788403 -0.007457 -0.168957 3.000000
0.433171 0.350699 -0.117494 2.000000
0.532573 0.371356 -0.140982 2.000000
-0.180030 -0.240852 -0.005405 0.000000
-0.233047 -0.404360 -0.217907 0.000000
0.641964 -0.039929 0.086314 1.000000
0.257417 0.091334 0.222890 2.000000
-0.569226 -0.219129 -0.002349 0.000000
-0.308641 -0.396708 -0.157998 0.000000
0.311070 0.015934 0.313566 2.000000
0.484989 -0.249652 -0.004432 0.000000
0.309870 0.159648 0.137239 2.000000
-0.684784 -0.091288 0.090093 3.000000
0.212330 0.353255 -0.107454 2.000000
0.437623 -0.101477 0.174954 0.000000
0.269807 -0.271417 0.000366 0.000000
0.592699 -0.300045 -0.066396 0.000000
0.594798 0.410605 -0.186480 2.000000
0.525951 -0.200381 0.055263 0.000000
-0.512628 -0.249433 -0.018095 0.000000
0.750264 0.354922 -0.140978 2.000000
0.471463 0.051205 0.252772 2.000000
0.706138 -0.352855 -0.125523 0.000000
0.408622 -0.069784 0.218625 0.000000
0.314263 -0.199199 0.056389 0.000000
-0.085582 0.137148 0.187442 2.000000
0.258990 -0.140187 0.142822 0.000000
-0.457019 0.122539 0.166568 2.000000
0.793608 -0.135245 -0.119746 1.000000
0.051476 -0.159530 0.100051 0.000000
-0.609186 -0.017080 0.193431 3.000000
0.486868 -0.383113 -0.160744 0.000000
-0.144176 0.200420 0.067719 2.000000
0.595430 0.030180 0.150053 1.000000
0.808562 -0.144352 -0.123025 1.000000
0.812156 0.381584 -0.172510 2.000000
0.208065 -0.289181 -0.061430 0.000000
0.768346 0.068234 -0.057638 1.000000
-0.076235 -0.333597 -0.100942 0.000000
-0.306259 -0.291748 -0.044711 0.000000
0.594193 -0.224930 0.010690 0.000000
-0.493039 -0.130354 0.135801 0.000000
-0.662113 -0.439083 -0.236757 0.000000
0.026070 0.057573 0.262503 2.000000
0.739778 -0.035693 -0.065495 1.000000
-0.067528 0.178029 0.101626 2.000000
-0.326634 -0.069509 0.215040 0.000000
-0.293364 0.436409 -0.214892 2.000000
-0.525867 -0.247011 0.021870 0.000000
-0.001693 -0.314732 -0.106360 0.000000
-0.530234 0.220472 0.062716 2.000000
0.545935 0.147574 0.125359 2.000000
-0.387134 0.387857 -0.168227 2.000000
0.691160 0.106789 0.006887 1.000000
0.798947 0.098315 -0.131327 1.000000
0.204993 -0.285721 -0.046754 0.000000
-0.689820 -0.178293 0.050549 0.000000
0.043905 -0.024601 0.297747 0.000000
-0.558702 0.272787 -0.005076 2.000000
-0.845433 0.087121 -0.250820 3.000000
-0.011575 0.356457 -0.140177 2.000000
0.415574 -0.413774 -0.213014 0.000000
-0.515624 -0.321267 -0.082872 0.000000
-0.830545 0.224293 -0.229083 3.000000
0.646696 0.101012 0.082603 1.000000
-0.778649 -0.173230 -0.137569 3.000000
0.884197 0.284544 -0.205622 1.000000
-0.738752 -0.162354 -0.013706 3.000000
0.767755 -0.103429 -0.080080 1.000000
0.813204 -0.001128 -0.141913 1.000000
-0.060834 0.067255 0.259725 2.000000
-0.239511 0.223462 0.036384 2.000000
0.759190 -0.078098 -0.074568 1.000000
-0.129625 -0.184898 0.084436 0.000000
-0.459745 0.170754 0.122078 2.000000
-0.782842 0.433684 -0.222337 2.000000
0.600675 -0.252099 0.001780 0.000000
0.593376 -0.215775 0.059887 0.000000
-0.630257 -0.091954 0.194441 0.000000
-0.723246 -0.026879 -0.034534 3.000000
-0.809601 0.305299 -0.139761 3.000000
-0.697435 0.012008 0.103108 3.000000
-0.557514 0.108171 0.191414 2.000000
0.860044 0.268634 -0.221251 1.000000
-0.240769 0.247441 -0.011266 2.000000
0.853494 -0.073632 -0.199649 1.000000
-0.448263 0.041237 0.256118 2.000000
0.541438 -0.023459 0.247786 1.000000
-0.628145 -0.114251 0.179975 0.000000
0.158756 0.183035 0.113989 2.000000
0.049908 0.285850 -0.039529 2.000000
-0.334701 0.339464 -0.116419 2.000000
0.756771 0.210565 -0.059378 1.000000
-0.732886 -0.405428 -0.224553 0.000000
0.435112 -0.436807 -0.246148 0.000000
-0.781027 -0.273247 -0.130717 3.000000
-0.238878 -0.359122 -0.121638 0.000000
-0.075535 -0.092344 0.210937 0.000000
-0.626109 -0.098278 0.193264 0.000000
0.033111 -0.417900 -0.234646 0.000000
-0.657048 0.241264 0.036684 2.000000
-0.497313 -0.412432 -0.187688 0.000000
0.102967 0.162492 0.142907 2.000000
0.048842 0.288544 -0.037725 2.000000
0.705256 -0.282354 -0.034561 0.000000
-0.665312 0.085217 0.107601 3.000000
0.252229 0.151014 0.142347 2.000000
-0.463124 -0.386200 -0.193355 0.000000
-0.458286 0.157678 0.112795 2.000000
0.277358 0.427191 -0.223571 2.000000
0.001416 -0.023863 0.282199 0.000000
0.307403 0.048655 0.274630 2.000000
0.595058 0.077974 0.161412 1.000000
0.082574 -0.025166 0.295310 0.000000
0.338112 0.054002 0.270235 2.000000
0.709909 -0.037224 0.011306 1.000000
0.831091 -0.171940 -0.124670 1.000000
-0.017038 0.433491 -0.213266 2.000000
-0.618525 -0.409040 -0.187997 0.000000
-0.770998 0.251281 -0.130208 3.000000
0.703404 0.300075 -0.018583 2.000000
-0.694089 -0.242948 0.000058 0.000000
-0.677041 0.417502 -0.213512 2.000000
0.212969 -0.381853 -0.147767 0.000000
-0.462742 0.127116 0.156142 2.000000
0.861118 0.043047 -0.212474 1.000000
0.271497 -0.127099 0.152256 0.000000
0.815437 0.033857 -0.131419 1.000000
0.367359 0.024678 0.291188 2.000000
-0.566497 0.186651 0.102774 2.000000
0.596233 0.087377 0.164055 1.000000
-0.857384 0.019808 -0.238892 3.000000
0.311349 0.019959 0.302053 2.000000
0.588571 -0.034566 0.153010 1.000000
-0.789279 0.031272 -0.114967 3.000000
-0.850094 0.006838 -0.233888 3.000000
0.740267 -0.006150 -0.074323 1.000000
0.809620 -0.157147 -0.124960 1.000000
-0.059789 0.226575 0.019185 2.000000
0.484781 0.028293 0.285919 2.000000
0.420093 -0.111578 0.169810 0.000000
-0.527316 0.061996 0.242253 2.000000
-0.179597 -0.280112 -0.089806 0.000000
-0.797421 -0.408628 -0.208389 0.000000
-0.188832 -0.016413 0.288728 0.000000
0.652359 0.241913 0.035949 2.000000
-0.570690 -0.361116 -0.167556 0.000000
0.354011 0.105923 0.189787 2.000000
-0.643727 -0.074557 0.217161 3.000000
-0.422619 0.152244 0.127004 2.000000
-0.790733 0.094003 -0.146429 3.000000
0.605310 -0.209916 0.037064 0.000000
-0.123257 -0.315329 -0.098684 0.000000
0.309807 0.222987 0.055584 2.000000
-0.128841 -0.071455 0.230221 0.000000
0.265350 -0.312644 -0.079324 0.000000
-0.247696 -0.074543 0.228912 0.000000
-0.115575 0.170837 0.122877 2.000000
-0.186956 -0.364919 -0.162689 0.000000
0.816123 0.306863 -0.131396 1.000000
0.756291 -0.098248 -0.044496 1.000000
-0.170439 0.280498 -0.035813 2.000000
-0.306256 0.362990 -0.104585 2.000000
-0.860011 0.319331 -0.236547 3.000000
-0.744082 -0.028524 -0.019165 3.000000
0.207557 -0.000132 0.283390 0.000000
0.481331 -0.138814 0.113847 0.000000
-0.297550 0.149367 0.147512 2.000000
-0.284522 -0.038529 0.283102 0.000000
0.303583 0.251907 0.027480 2.000000
0.759190 -0.078098 -0.074568 1.000000
-0.451957 -0.009510 0.285110 0.000000
0.602808 0.025532 0.150321 1.000000
0.381844 -0.364016 -0.160886 0.000000
-0.603143 0.363188 -0.126313 2.000000
-0.732618 -0.340861 -0.110228 0.000000
0.541871 0.176333 0.113732 2.000000
0.590318 -0.287020 -0.079656 0.000000
0.656773 -0.309745 -0.076794 0.000000
0.045192 0.046556 0.281422 2.000000
0.479042 -0.418193 -0.251780 0.000000
-0.291393 -0.223897 0.035434 0.000000
0.870509 0.433454 -0.216579 2.000000
0.249278 -0.202912 0.079846 0.000000
0.357026 -0.376442 -0.153542 0.000000
0.708641 0.369152 -0.143700 2.000000
0.744233 -0.288420 -0.069719 1.000000
0.226172 0.464321 -0.243286 2.000000
0.780447 -0.150109 -0.064512 1.000000
-0.621883 -0.277329 -0.075877 0.000000
-0.075428 -0.283115 -0.028896 0.000000
-0.522749 -0.044823 0.235733 0.000000
-0.341758 -0.387128 -0.156327 0.000000
-0.427045 -0.226757 0.012157 0.000000
0.273551 0.302372 -0.021494 2.000000
0.025608 -0.396545 -0.176968 0.000000
0.263428 -0.283157 -0.053632 0.000000
-0.446751 0.196502 0.087785 2.000000
-0.728050 0.133379 -0.003746 3.000000
-0.701766 -0.078191 -0.021520 3.000000
-0.351726 -0.041074 0.272802 0.000000
0.311897 -0.175351 0.082191 0.000000
0.642762 -0.317463 -0.076375 0.000000
0.700447 0.240990 -0.016410 2.000000
-0.640465 0.014591 0.202524 3.000000
0.245439 0.311549 -0.065198 2.000000
-0.072991 -0.361152 -0.150013 0.000000
0.525989 0.254166 0.012209 2.000000
-0.236428 0.245448 0.009165 2.000000
-0.496425 -0.001862 0.296611 0.000000
-0.849891 0.245566 -0.250492 3.000000
-0.451565 -0.252423 -0.027851 0.000000
0.473262 -0.096984 0.177870 0.000000
0.390909 -0.051158 0.277094 0.000000
-0.778544 0.359636 -0.150855 2.000000
-0.707578 0.128274 -0.018865 3.000000
-0.182663 -0.056985 0.245555 0.000000
0.661299 -0.238007 -0.024801 0.000000
0.427213 -0.375700 -0.163671 0.000000
0.542138 0.345917 -0.112096 2.000000
-0.400978 0.011815 0.298845 2.000000
-0.557567 -0.439218 -0.241219 0.000000
-0.530851 0.341103 -0.084572 2.000000
-0.274137 -0.383119 -0.145136 0.000000
0.265229 0.419186 -0.204138 2.000000
-0.399840 0.274209 -0.044078 2.000000
-0.562356 -0.227732 0.017886 0.000000
-0.243533 -0.015724 0.288835 0.000000
-0.059143 0.219053 0.077107 2.000000
0.535198 -0.293518 -0.053713 0.000000
0.870863 0.066157 -0.210017 1.000000
0.317285 -0.317438 -0.079084 0.000000
0.148977 -0.048252 0.264166 0.000000
-0.091491 -0.269795 -0.028321 0.000000
0.423073 0.283274 -0.009235 2.000000
0.421245 0.004525 0.289984 0.000000
-0.571735 0.013944 0.292644 0.000000
0.642082 0.205441 0.074720 2.000000
0.270340 -0.225887 0.044383 0.000000
0.427655 0.290647 -0.051800 2.000000
-0.628287 0.242197 0.000054 2.000000
0.643004 -0.011557 0.071644 1.000000
-0.845433 0.087121 -0.250820 3.000000
-0.576456 0.056193 0.243559 2.000000
-0.075720 -0.016157 0.298782 0.000000
-0.561951 -0.317517 -0.107842 0.000000
0.488267 -0.345068 -0.122515 0.000000
0.256903 0.362490 -0.142439 2.000000
-0.678819 0.035155 0.086521 3.000000
-0.011312 0.222785 0.057362 2.000000
0.582014 -0.310062 -0.064043 0.000000
-0.119163 0.051922 0.280957 2.000000
-0.779079 -0.084634 -0.149901 3.000000
-0.249714 0.393765 -0.155967 2.000000
0.249919 -0.226361 0.032024 0.000000
-0.727241 0.002650 -0.019281 3.000000
0.536036 -0.233707 0.038301 0.000000
-0.782823 -0.295715 -0.125302 3.000000
0.421945 0.271091 0.009035 2.000000
-0.450006 0.387722 -0.182206 2.000000
-0.504168 0.189051 0.125978 2.000000
0.513963 0.043936 0.291623 2.000000
0.100694 -0.308184 -0.055639 0.000000
-0.170413 0.156747 0.128230 2.000000
-0.230525 -0.249163 -0.009828 0.000000
0.708641 0.369152 -0.143700 2.000000
0.091503 0.138359 0.167274 2.000000
0.544719 0.214241 0.060556 2.000000
-0.845559 0.124268 -0.235067 3.000000
0.823383 0.119160 -0.139123 1.000000
0.103126 -0.313012 -0.076185 0.000000
-0.556773 0.402841 -0.180261 2.000000
0.575158 -0.027149 0.136221 1.000000
0.321860 -0.002902 0.323110 2.000000
0.333531 -0.150041 0.095695 0.000000
0.208649 0.028063 0.299310 2.000000
-0.358462 0.028845 0.294582 2.000000
-0.160494 -0.394551 -0.202837 0.000000
-0.556394 0.109819 0.196874 2.000000
0.756575 -0.158925 -0.066852 1.000000
0.224780 -0.343236 -0.116096 0.000000
0.145000 0.419970 -0.202581 2.000000
-0.728779 0.176776 -0.025412 3.000000
-0.064450 -0.146263 0.146952 0.000000
0.195033 -0.226091 0.024568 0.000000
0.673910 -0.180803 0.014277 1.000000
0.253621 -0.284593 -0.052257 0.000000
-0.336429 -0.056170 0.269320 0.000000
-0.139723 -0.415331 -0.221635 0.000000
0.137604 0.009474 0.320211 2.000000
-0.552406 0.154413 0.178663 2.000000
0.434205 0.015717 0.287541 2.000000
-0.549041 0.109097 0.165398 2.000000
-0.167632 -0.422923 -0.248707 0.000000
-0.397747 -0.123660 0.159823 0.000000
0.688387 -0.222968 0.005666 0.000000
0.083092 -0.208319 0.035553 0.000000
0.851599 -0.230272 -0.208686 1.000000
0.814525 0.119051 -0.128543 1.000000
0.634011 -0.269478 -0.019370 0.000000
0.376667 -0.293423 -0.079733 0.000000
0.753839 -0.242197 -0.043371 1.000000
-0.365416 -0.220270 0.022533 0.000000
-0.743258 0.455270 -0.240484 2.000000
-0.505382 -0.125205 0.141584 0.000000
0.438895 0.062936 0.258277 2.000000
-0.296472 0.015182 0.281840 2.000000
0.427206 0.082105 0.200316 2.000000
-0.306898 0.275770 -0.026808 2.000000
-0.064817 -0.141072 0.161535 0.000000
-0.395371 0.000407 0.311158 0.000000
0.489174 -0.192858 0.078095 0.000000
0.101357 -0.241657 0.021307 0.000000
-0.677435 0.159623 0.100065 3.000000
-0.838228 0.458595 -0.260866 3.000000
-0.745367 0.338764 -0.059716 2.000000
-0.238389 -0.063215 0.243593 0.000000
-0.239455 -0.365052 -0.141573 0.000000
0.060543 -0.350173 -0.148565 0.000000
0.709458 -0.316986 -0.130272 0.000000
-0.667788 -0.314162 -0.089726 0.000000
-0.520678 -0.241638 0.014726 0.000000
0.673603 0.335600 -0.091495 2.000000
-0.400346 -0.424852 -0.235168 0.000000
0.356533 0.453481 -0.236030 2.000000
0.351140 0.273336 -0.018370 2.000000
0.323544 0.021839 0.301546 0.000000
0.499610 -0.001312 0.275238 0.000000
0.541112 0.020408 0.239543 1.000000
0.531912 -0.201586 0.040305 0.000000
0.260464 -0.340263 -0.119490 0.000000
-0.284005 -0.169791 0.111808 0.000000
-0.441902 -0.059951 0.225745 0.000000
0.476251 0.106670 0.194994 2.000000
-0.466674 0.014903 0.307349 0.000000
-0.347472 0.335325 -0.093054 2.000000
0.599126 0.445856 -0.250548 2.000000
0.476791 -0.332610 -0.096316 0.000000
0.414541 -0.366064 -0.164018 0.000000
-0.292381 -0.038121 0.257208 0.000000
0.775550 0.254682 -0.076776 1.000000
-0.112640 0.317910 -0.060718 2.000000
0.824184 -0.343130 -0.155015 0.000000
-0.226178 0.042635 0.277955 2.000000
0.210527 -0.261784 -0.021043 0.000000
0.378847 0.036774 0.274386 2.000000
-0.069464 -0.284874 -0.068818 0.000000
0.423967 -0.040514 0.267075 0.000000
0.268766 -0.060310 0.198106 0.000000
-0.557918 0.259634 0.033238 2.000000
0.326795 -0.181110 0.082342 0.000000
-0.446751 0.196502 0.087785 2.000000
-0.835138 0.321824 -0.236150 3.000000
0.366422 -0.062439 0.252335 0.000000
0.199142 -0.209232 0.065294 0.000000
-0.160931 -0.071354 0.203101 0.000000
-0.395313 -0.421223 -0.188332 0.000000
0.653225 -0.134037 0.106868 1.000000
0.085312 -0.152668 0.100879 0.000000
0.816629 0.425020 -0.223981 2.000000
0.051536 -0.231212 0.022103 0.000000
0.260165 0.276331 -0.027725 2.000000
0.202937 -0.356518 -0.146411 0.000000
0.039049 -0.280281 -0.068406 0.000000
0.553214 0.302416 -0.045823 2.000000
0.369549 0.408365 -0.187196 2.000000
0.362738 0.208136 0.062172 2.000000
0.025496 0.083114 0.210633 2.000000
0.086082 0.153480 0.146051 2.000000
0.598577 0.216149 0.059823 2.000000
0.706636 0.083724 0.014524 1.000000
-0.231542 -0.403693 -0.210083 0.000000
-0.055057 -0.102833 0.167606 0.000000
0.319893 0.197132 0.083478 2.000000
0.877120 -0.142842 -0.202395 1.000000
-0.608125 0.203382 0.062364 2.000000
0.516475 0.202542 0.076802 2.000000
0.341811 -0.326070 -0.125267 0.000000
-0.167234 0.158868 0.133121 2.000000
0.048061 -0.397345 -0.136606 0.000000
-0.072991 -0.361152 -0.150013 0.000000
-0.397500 -0.156794 0.096600 0.000000
-0.447855 0.154483 0.115066 2.000000
0.096862 0.437687 -0.244183 2.000000
0.272307 0.150627 0.138687 2.000000
0.706636 0.083724 0.014524 1.000000
-0.745444 -0.440967 -0.225162 0.000000
0.473043 -0.041047 0.270165 0.000000
0.484781 0.028293 0.285919 2.000000
-0.237542 0.460507 -0.236161 2.000000
-0.686925 -0.182792 0.071248 0.000000
0.577280 -0.222824 0.029962 0.000000
0.222304 0.396573 -0.180196 2.000000
0.545585 0.317814 -0.098173 2.000000
0.249679 0.277462 -0.044617 2.000000
0.822283 -0.046353 -0.142834 1.000000
0.432802 0.038259 0.278821 2.000000
-0.417845 -0.011091 0.274346 0.000000
-0.082501 0.046488 0.267915 2.000000
-0.302605 -0.172548 0.128338 0.000000
0.207085 -0.275661 -0.037542 0.000000
0.657003 -0.067465 0.085097 1.000000
0.812021 -0.419215 -0.221130 0.000000
-0.613549 -0.153836 0.122427 0.000000
-0.314456 -0.026763 0.245792 0.000000
0.130193 0.289188 -0.017965 2.000000
0.319912 0.180151 0.114838 2.000000
0.428986 -0.210760 0.068858 0.000000
-0.086037 -0.394206 -0.175865 0.000000
0.201075 -0.395472 -0.207153 0.000000
0.547406 0.235880 0.049825 2.000000
0.151271 -0.038548 0.253201 0.000000
-0.228119 0.045790 0.293370 2.000000
-0.852402 -0.131878 -0.222878 3.000000
0.866945 -0.208685 -0.217999 1.000000
-0.116755 0.010717 0.311307 2.000000
0.204935 -0.123812 0.170068 0.000000
0.425956 -0.418210 -0.218124 0.000000
0.117489 0.415236 -0.224232 2.000000
-0.482959 -0.234556 0.024596 0.000000
0.588652 0.094147 0.145807 1.000000
0.635618 0.384148 -0.169609 2.000000
0.529620 0.032233 0.221175 1.000000
-0.730927 -0.015990 -0.022393 3.000000
-0.467654 -0.314189 -0.117820 0.000000
0.541017 0.303535 -0.039967 2.000000
0.421028 0.122467 0.150211 2.000000
0.868115 0.227890 -0.217591 1.000000
-0.796115 -0.265576 -0.139291 3.000000
0.411761 0.334507 -0.075971 2.000000
-0.848219 0.218908 -0.259426 3.000000
0.427253 0.043234 0.271840 2.000000
-0.173314 0.341187 -0.111656 2.000000
0.261785 -0.034161 0.280675 0.000000
-0.022515 0.331114 -0.094810 2.000000
0.437185 0.418526 -0.187774 2.000000
0.196252 -0.390542 -0.193621 0.000000
-0.447369 -0.209001 0.050147 0.000000
0.143604 0.239570 0.023629 2.000000
0.738564 0.272031 -0.059627 1.000000
0.490550 -0.295080 -0.044527 0.000000
-0.439788 -0.162804 0.094269 0.000000
-0.194592 -0.038512 0.253403 0.000000
0.437937 0.190776 0.120601 2.000000
0.674682 -0.266721 -0.015193 0.000000
-0.797665 0.138889 -0.154938 3.000000
-0.710072 -0.221822 0.022579 0.000000
-0.664300 -0.269145 -0.047987 0.000000
-0.642608 0.247962 -0.011777 2.000000
0.799706 0.381756 -0.168992 2.000000
-0.388621 -0.283290 -0.052158 0.000000
-0.844845 0.186871 -0.250252 3.000000
-0.463435 -0.096630 0.192421 0.000000
0.707496 0.381668 -0.153075 2.000000
0.649597 -0.261872 -0.014067 0.000000
-0.180238 -0.408765 -0.227026 0.000000
-0.336018 -0.244214 -0.009732 0.000000
-0.126025 -0.194224 0.060906 0.000000
-0.732618 -0.340861 -0.110228 0.000000
0.043011 -0.123570 0.173379 0.000000
0.147871 -0.387100 -0.192394 0.000000
-0.460853 -0.202461 0.050237 0.000000
0.530407 0.079745 0.247781 2.000000
0.110141 0.382740 -0.137790 2.000000
0.661366 0.446291 -0.226786 2.000000
0.867720 -0.234158 -0.210129 1.000000
-0.001693 -0.314732 -0.106360 0.000000
0.755816 0.061051 -0.045472 1.000000
-0.185034 -0.133339 0.172788 0.000000
-0.329640 0.192514 0.096405 2.000000
0.146538 0.220547 0.054263 2.000000
0.055688 0.391324 -0.157324 2.000000
0.257872 0.336838 -0.131697 2.000000
-0.457819 0.147489 0.152163 2.000000
-0.470336 -0.020976 0.292735 0.000000
0.096153 0.266905 -0.025147 2.000000
0.653241 -0.130841 0.070473 1.000000
-0.388368 -0.130852 0.142631 0.000000
-0.826342 -0.114798 -0.237299 3.000000
-0.852114 0.406457 -0.257097 3.000000
-0.293049 -0.377740 -0.179127 0.000000
0.708600 0.017821 0.013605 1.000000
-0.237866 -0.313410 -0.104639 0.000000
0.045526 -0.053990 0.245108 0.000000
-0.026214 -0.330425 -0.111330 0.000000
-0.024581 -0.066283 0.227104 0.000000
0.441257 0.384937 -0.164278 2.000000
0.652466 -0.244003 -0.003459 0.000000
-0.568198 -0.311136 -0.105220 0.000000
0.254070 -0.153831 0.129796 0.000000
-0.721696 -0.232385 -0.026180 3.000000
-0.592885 -0.082277 0.159381 0.000000
0.331481 -0.233362 0.009933 0.000000
0.689574 0.359568 -0.103445 2.000000
-0.282388 0.154134 0.160481 2.000000
0.811321 -0.126939 -0.130147 1.000000
-0.783002 0.385414 -0.174827 2.000000
-0.821884 0.397685 -0.230567 3.000000
-0.568224 -0.401099 -0.210792 0.000000
0.874572 0.408241 -0.195710 2.000000
0.270043 0.103075 0.207322 2.000000
-0.562356 -0.227732 0.017886 0.000000
-0.681857 -0.088587 0.086979 3.000000
-0.401998 0.158020 0.089420 2.000000
0.483835 0.358870 -0.153165 2.000000
-0.860946 0.166766 -0.239847 3.000000
-0.637007 0.103760 0.210910 3.000000
-0.450429 -0.355882 -0.169308 0.000000
0.537532 -0.413700 -0.228378 0.000000
-0.151720 -0.001064 0.298793 0.000000
0.152998 -0.321058 -0.052026 0.000000
0.859392 -0.362088 -0.188120 1.000000
-0.003212 -0.235193 0.030551 0.000000
-0.056797 0.205988 0.044500 2.000000
-0.737477 -0.123178 -0.052277 3.000000
-0.610934 -0.263557 -0.014653 0.000000
-0.445852 -0.303674 -0.099496 0.000000
0.368913 0.067299 0.239749 2.000000
-0.457283 0.327945 -0.093142 2.000000
-0.393542 -0.304177 -0.072362 0.000000
-0.011658 -0.220903 0.042638 0.000000
-0.350246 0.373415 -0.157751 2.000000
-0.275610 0.314205 -0.020180 2.000000
0.292805 0.097810 0.211347 2.000000
-0.197452 -0.194998 0.057141 0.000000
0.478159 -0.290522 -0.047344 0.000000
-0.019609 -0.007458 0.308326 0.000000
-0.080675 -0.349617 -0.081895 0.000000
-0.794969 0.133972 -0.134375 3.000000
0.162842 0.004619 0.307731 2.000000
0.194874 -0.037395 0.264202 0.000000
-0.785910 0.428771 -0.181831 2.000000
-0.795285 0.407836 -0.181640 2.000000
0.208369 0.093750 0.215703 2.000000
0.170692 0.047668 0.287464 2.000000
0.378398 0.139203 0.151621 2.000000
0.440119 -0.013735 0.277525 0.000000
-0.235085 -0.270974 -0.001523 0.000000
-0.093097 -0.113297 0.170689 0.000000
0.595712 0.325953 -0.066752 2.000000
-0.745378 -0.266248 -0.013988 0.000000
-0.343087 0.165524 0.143987 2.000000
-0.660912 0.185326 0.075136 3.000000
-0.847118 -0.065549 -0.248809 3.000000
-0.677781 0.408328 -0.186343 2.000000
-0.338207 -0.311827 -0.066300 0.000000
0.848217 -0.113372 -0.200336 1.000000
0.529620 0.032233 0.221175 1.000000
0.207799 0.385474 -0.182201 2.000000
0.477655 0.309187 -0.020024 2.000000
-0.337599 0.023026 0.272124 2.000000
0.804660 -0.332482 -0.127210 0.000000
-0.443823 0.370676 -0.150681 2.000000
0.652129 0.278527 -0.012795 2.000000
-0.854033 -0.353604 -0.227663 3.000000
0.155703 -0.127765 0.145765 0.000000
-0.519594 0.211693 0.076237 2.000000
-0.417266 0.377752 -0.165385 2.000000
0.078541 -0.334981 -0.093403 0.000000
0.412375 0.208606 0.067095 2.000000
0.253621 -0.284593 -0.052257 0.000000
-0.764241 -0.265835 -0.122646 3.000000
-0.345395 -0.112752 0.178582 0.000000
0.160161 -0.355459 -0.140219 0.000000
0.252925 0.205843 0.073831 2.000000
-0.011312 0.222785 0.057362 2.000000
0.713213 0.371109 -0.124298 2.000000
0.701486 -0.019045 -0.006224 1.000000
0.152551 -0.161698 0.101259 0.000000
-0.601877 -0.021895 0.219006 3.000000
-0.463326 0.352818 -0.130987 2.000000
-0.140958 0.415529 -0.199340 2.000000
-0.328577 0.461996 -0.246862 2.000000
-0.064981 0.075185 0.238972 2.000000
0.546885 0.333061 -0.076774 2.000000
0.776934 -0.421830 -0.233553 0.000000
0.467265 0.199778 0.061639 2.000000
-0.380992 -0.402699 -0.183116 0.000000
0.140826 0.020594 0.320953 2.000000
-0.059143 0.219053 0.077107 2.000000
-0.517256 0.371862 -0.142756 2.000000
0.151324 0.220430 0.039727 2.000000
-0.013259 0.039410 0.288253 2.000000
-0.349794 -0.388965 -0.187113 0.000000
-0.665158 0.217382 0.033762 2.000000
0.199347 0.395986 -0.187027 2.000000
0.385571 0.057638 0.271903 2.000000
0.708667 0.247806 0.006731 2.000000
-0.731369 -0.331880 -0.111460 0.000000
0.407300 -0.397455 -0.220741 0.000000
-0.668183 -0.279397 -0.051088 0.000000
0.861332 0.298297 -0.207223 1.000000
0.709298 0.432337 -0.198709 2.000000
-0.492895 0.140620 0.149246 2.000000
-0.514491 -0.406976 -0.202391 0.000000
0.098151 0.098338 0.211519 2.000000
0.864588 -0.424408 -0.222724 0.000000
-0.441906 -0.056542 0.203240 0.000000
0.735080 0.433975 -0.226652 2.000000
0.148391 0.398704 -0.157809 2.000000
0.418211 0.084655 0.223841 2.000000
-0.057142 0.095627 0.202524 2.000000
-0.550258 0.337711 -0.101028 2.000000
0.115236 -0.267686 -0.033102 0.000000
0.532915 0.355350 -0.112743 2.000000
0.208574 0.210286 0.080058 2.000000
0.205513 -0.000773 0.277047 0.000000
-0.618870 -0.096230 0.212787 0.000000
-0.534958 0.048410 0.275417 2.000000
-0.519866 -0.342217 -0.169988 0.000000
0.422931 -0.441374 -0.240542 0.000000
-0.415285 0.135639 0.150100 2.000000
-0.359029 -0.316877 -0.100225 0.000000
0.198057 -0.144692 0.130927 0.000000
0.494631 0.273196 -0.032654 2.000000
-0.453989 0.334358 -0.089522 2.000000
0.374070 0.093378 0.218302 2.000000
0.715492 0.290254 -0.047344 2.000000
-0.791513 -0.302595 -0.118713 3.000000
0.251747 -0.397310 -0.195061 0.000000
-0.070899 0.039355 0.271510 2.000000
0.248187 -0.094222 0.163413 0.000000
-0.722659 -0.349056 -0.122685 0.000000
0.534135 0.287974 -0.036934 2.000000
0.247492 -0.235182 0.047820 0.000000
0.261333 0.179972 0.111732 2.000000
-0.623693 0.256021 0.002208 2.000000
0.189281 -0.351031 -0.142172 0.000000
0.476536 0.169123 0.094667 2.000000
-0.395704 0.117452 0.179528 2.000000
-0.520152 0.326495 -0.094147 2.000000
0.542162 -0.197644 0.070580 0.000000
-0.458919 -0.177095 0.119982 0.000000
0.635320 -0.188631 0.082979 0.000000
0.708641 0.369152 -0.143700 2.000000
0.858733 0.335791 -0.203295 1.000000
-0.334780 -0.270758 -0.050288 0.000000
0.198655 -0.244985 -0.016724 0.000000
-0.187913 0.113623 0.185690 2.000000
-0.787927 -0.148193 -0.113810 3.000000
-0.847381 -0.428400 -0.209669 0.000000
0.028243 0.383775 -0.171933 2.000000
-0.783228 -0.275632 -0.126343 3.000000
-0.380992 -0.402699 -0.183116 0.000000
0.218103 -0.205976 0.044944 0.000000
-0.172679 -0.171080 0.106636 0.000000
-0.733763 -0.428219 -0.206158 0.000000
-0.125244 0.181692 0.063437 2.000000
-0.159861 0.211867 0.038834 2.000000
-0.128841 -0.071455 0.230221 0.000000
0.039736 -0.109139 0.195397 0.000000
-0.502514 -0.219342 0.056511 0.000000
0.091946 -0.045461 0.244680 0.000000
-0.684548 -0.392959 -0.205699 0.000000
0.197899 0.341607 -0.108820 2.000000
0.687924 0.055040 0.020111 1.000000
-0.306256 0.362990 -0.104585 2.000000
-0.242759 -0.145899 0.113344 0.000000
0.034973 0.384162 -0.128988 2.000000
0.695651 0.037442 -0.002777 1.000000
0.035421 -0.009337 0.304073 0.000000
0.148735 0.066941 0.247951 2.000000
0.586784 0.260295 -0.021585 2.000000
0.052733 0.314748 -0.067024 2.000000
-0.732646 -0.352571 -0.185749 0.000000
0.582014 -0.310062 -0.064043 0.000000
0.322001 -0.199943 0.073977 0.000000
-0.172556 0.021166 0.313245 0.000000
-0.293364 0.436409 -0.214892 2.000000
0.101309 0.270882 -0.014867 2.000000
0.198592 -0.425397 -0.188257 0.000000
0.874223 0.287457 -0.184779 1.000000
0.366019 -0.115624 0.168642 0.000000
0.814525 0.119051 -0.128543 1.000000
0.384030 -0.159392 0.113946 0.000000
-0.030819 -0.210115 0.025202 0.000000
-0.787581 -0.358144 -0.156479 3.000000
-0.418554 0.230908 0.072628 2.000000
0.423967 -0.040514 0.267075 0.000000
0.146122 0.012863 0.319993 2.000000
0.474911 0.062674 0.253727 2.000000
-0.672760 -0.159804 0.079925 0.000000
0.491950 -0.175740 0.123489 0.000000
0.190272 0.153654 0.104705 2.000000
0.196608 -0.278357 -0.054513 0.000000
-0.352216 -0.295878 -0.048554 0.000000
0.654363 0.127299 0.058035 1.000000
-0.797070 -0.205030 -0.146613 3.000000
0.767653 -0.169830 -0.055616 1.000000
0.721064 -0.298702 -0.054101 0.000000
-0.017301 -0.255159 -0.029596 0.000000
0.208079 0.041958 0.295376 2.000000
-0.666112 -0.040681 0.081542 3.000000
0.629967 0.148705 0.081137 1.000000
-0.685425 0.050414 0.092473 3.000000
0.469923 0.024912 0.281740 2.000000
-0.585267 -0.397676 -0.192613 0.000000
0.054154 -0.221700 0.009843 0.000000
-0.624848 -0.394518 -0.218945 0.000000
0.101120 -0.162091 0.098273 0.000000
-0.075535 -0.092344 0.210937 0.000000
-0.838228 0.458595 -0.260866 3.000000
0.196908 0.059367 0.282611 2.000000
-0.394031 -0.316555 -0.083567 0.000000
-0.178499 -0.069268 0.228869 0.000000
0.751780 -0.420843 -0.235803 0.000000
-0.299234 0.024841 0.255755 2.000000
0.187331 -0.400877 -0.205248 0.000000
-0.793153 -0.358984 -0.181045 0.000000
-0.785910 0.428771 -0.181831 2.000000
-0.239522 0.398229 -0.168774 2.000000
-0.454692 -0.260436 -0.016706 0.000000
0.217833 -0.267251 -0.050879 0.000000
0.473636 0.101824 0.175201 2.000000
-0.763925 0.335070 -0.107479 2.000000
0.145621 0.233204 0.050780 2.000000
-0.086037 -0.394206 -0.175865 0.000000
-0.029823 -0.289549 -0.065777 0.000000
0.526828 -0.313517 -0.053064 0.000000
0.841888 0.030241 -0.215364 1.000000
-0.065404 0.196388 0.076067 2.000000
0.167521 0.177176 0.106291 2.000000
-0.527414 0.059064 0.251516 2.000000
0.492213 -0.268059 -0.038901 0.000000
0.816026 -0.279186 -0.133465 1.000000
-0.729735 -0.141132 -0.010319 3.000000
-0.220184 -0.273084 -0.042123 0.000000
0.490880 -0.408786 -0.199279 0.000000
0.089246 0.199701 0.098538 2.000000
-0.799769 -0.172902 -0.154711 3.000000
-0.609949 -0.105341 0.143685 0.000000
-0.723833 -0.142109 -0.021850 3.000000
-0.293328 0.123884 0.161517 2.000000
0.653241 -0.130841 0.070473 1.000000
0.806253 0.397650 -0.173420 2.000000
0.882157 0.260676 -0.201685 1.000000
0.482396 0.341898 -0.068309 2.000000
0.206218 -0.184347 0.044939 0.000000
0.494921 0.119425 0.143845 2.000000
0.593714 0.127450 0.138594 1.000000
0.110141 0.382740 -0.137790 2.000000
-0.113996 0.379855 -0.161162 2.000000
-0.567414 -0.303346 -0.093049 0.000000
0.539768 0.283148 -0.001745 2.000000
-0.577470 -0.142921 0.105458 0.000000
0.188608 0.290121 -0.035752 2.000000
0.147387 -0.104122 0.175908 0.000000
-0.493118 0.072632 0.240892 2.000000
0.040962 0.067892 0.255274 2.000000
-0.453075 0.387422 -0.169238 2.000000
0.307522 0.317204 -0.105862 2.000000
0.440985 0.326672 -0.112396 2.000000
-0.382629 0.398599 -0.159864 2.000000
-0.338174 0.441787 -0.211390 2.000000
0.408585 -0.001379 0.302860 0.000000
-0.584159 -0.032766 0.263653 0.000000
-0.642796 -0.161431 0.089276 0.000000
0.194791 0.183428 0.067439 2.000000
-0.066125 0.225512 0.059486 2.000000
-0.682169 -0.012169 0.084687 3.000000
-0.572823 -0.021702 0.289144 0.000000
-0.451679 0.085047 0.229004 2.000000
0.435112 -0.436807 -0.246148 0.000000
-0.712045 0.176845 -0.026185 3.000000
-0.719807 0.172829 -0.023433 3.000000
-0.297387 0.241839 0.040291 2.000000
-0.123980 -0.238139 0.015568 0.000000
-0.401346 -0.335956 -0.113269 0.000000
0.306640 -0.214381 0.029930 0.000000
0.109910 -0.101068 0.173502 0.000000
0.647534 0.107508 0.097503 1.000000
0.303573 -0.223117 0.058453 0.000000
0.596678 0.178188 0.076806 2.000000
-0.738752 -0.162354 -0.013706 3.000000
0.769758 0.330155 -0.110523 2.000000
0.479986 -0.409137 -0.206769 0.000000
-0.079520 -0.402415 -0.189268 0.000000
-0.517544 0.324362 -0.034850 2.000000
-0.448193 0.096218 0.211547 2.000000
-0.801911 -0.189580 -0.143147 3.000000
-0.781027 -0.273247 -0.130717 3.000000
0.103226 -0.105649 0.191835 0.000000
-0.571272 -0.425751 -0.210343 0.000000
-0.668395 0.096912 0.117548 3.000000
-0.713290 -0.278355 -0.057612 0.000000
-0.530851 0.341103 -0.084572 2.000000
-0.251915 0.306130 -0.054246 2.000000
0.207020 0.357620 -0.142237 2.000000
-0.023576 -0.380404 -0.162186 0.000000
0.377986 0.353230 -0.105078 2.000000
-0.840086 -0.021153 -0.247772 3.000000
0.196608 -0.278357 -0.054513 0.000000
-0.506176 -0.402325 -0.235379 0.000000
0.327558 -0.037498 0.256810 0.000000
0.308794 0.080427 0.243621 2.000000
-0.496939 -0.013423 0.292311 0.000000
0.108203 0.181990 0.046950 2.000000
-0.286015 0.122420 0.152182 2.000000
0.090086 -0.258912 -0.033107 0.000000
0.523803 -0.097771 0.184108 0.000000
-0.078005 0.417355 -0.236256 2.000000
-0.579582 0.255390 0.010806 2.000000
-0.450091 -0.205383 0.066720 0.000000
-0.549041 0.109097 0.165398 2.000000
0.605310 -0.209916 0.037064 0.000000
-0.365416 -0.220270 0.022533 0.000000
0.653241 -0.130841 0.070473 1.000000
-0.059012 -0.274244 0.002073 0.000000
0.381648 -0.169335 0.154577 0.000000
-0.061174 0.394798 -0.168948 2.000000
-0.021174 0.323853 -0.102054 2.000000
0.300009 0.116470 0.191651 2.000000
-0.353222 -0.366862 -0.158521 0.000000
0.258869 -0.436007 -0.240284 0.000000
0.083918 -0.049441 0.256365 0.000000
0.440850 -0.083131 0.199171 0.000000
-0.527152 0.149980 0.132828 2.000000
0.179697 0.448834 -0.212944 2.000000
0.117489 0.415236 -0.224232 2.000000
0.098656 -0.269958 -0.015622 0.000000
0.303068 -0.053092 0.249380 0.000000
-0.661894 0.027244 0.128561 3.000000
0.586400 0.007697 0.166422 1.000000
-0.696944 -0.120389 -0.035283 3.000000
0.409195 0.010322 0.292334 0.000000
-0.570506 -0.019163 0.290710 0.000000
-0.008398 -0.125122 0.149828 0.000000
-0.518082 -0.417958 -0.211274 0.000000
-0.129806 0.295943 -0.030852 2.000000
-0.618197 -0.225989 0.024850 0.000000
-0.845559 0.124268 -0.235067 3.000000
0.201729 -0.257623 -0.011880 0.000000
-0.553106 0.351313 -0.116247 2.000000
0.251747 -0.397310 -0.195061 0.000000
-0.686248 0.357864 -0.102524 2.000000
-0.600879 0.035706 0.210609 3.000000
-0.064955 -0.112462 0.147629 0.000000
-0.716917 -0.127821 -0.019600 3.000000
0.042123 0.093030 0.219658 2.000000
-0.508893 -0.072493 0.194915 0.000000
-0.514491 -0.406976 -0.202391 0.000000
0.260736 0.107789 0.222897 2.000000
0.879798 0.270271 -0.204983 1.000000
-0.111246 0.162128 0.142786 2.000000
0.139498 -0.221507 0.023470 0.000000
0.279592 -0.076036 0.232830 0.000000
-0.288847 0.463250 -0.227815 2.000000
-0.169126 0.098289 0.196188 2.000000
0.319660 0.325553 -0.077988 2.000000
0.633915 0.246103 0.033166 2.000000
-0.295995 0.259543 -0.000288 2.000000
-0.860011 0.319331 -0.236547 3.000000
0.204935 -0.123812 0.170068 0.000000
-0.335943 0.335093 -0.080527 2.000000
-0.558167 0.058473 0.245262 2.000000
-0.335720 0.245933 0.077698 2.000000
-0.719014 -0.277412 -0.095325 0.000000
-0.685250 0.277905 -0.010891 2.000000
0.202483 0.357867 -0.127941 2.000000
-0.399175 -0.323908 -0.096146 0.000000
0.464918 0.152421 0.159414 2.000000
-0.527130 -0.260315 -0.023732 0.000000
0.100641 0.196041 0.104041 2.000000
-0.162937 -0.016490 0.304594 0.000000
-0.244878 0.281545 -0.025007 2.000000
0.023164 0.068847 0.233910 2.000000
0.472775 -0.346634 -0.116847 0.000000
-0.858798 0.435935 -0.269122 3.000000
0.635427 0.243386 0.023648 2.000000
-0.716917 -0.127821 -0.019600 3.000000
0.688357 0.346706 -0.123736 2.000000
-0.785803 -0.027525 -0.143802 3.000000
-0.295355 0.185882 0.079006 2.000000
-0.169126 0.098289 0.196188 2.000000
-0.360839 -0.386512 -0.169002 0.000000
-0.189909 -0.080652 0.212057 0.000000
-0.080174 -0.010961 0.301523 0.000000
-0.482959 -0.234556 0.024596 0.000000
-0.238415 0.114344 0.183181 2.000000
-0.275161 -0.072137 0.232493 0.000000
0.774146 0.211903 -0.075596 1.000000
-0.232195 -0.043676 0.275754 0.000000
0.187368 -0.086486 0.164633 0.000000
0.206515 0.096314 0.221310 2.000000
-0.462039 0.231199 0.003481 2.000000
0.496039 0.320858 -0.093477 2.000000
0.480852 0.179440 0.086256 2.000000
0.584136 0.157906 0.148199 2.000000
-0.829081 -0.231015 -0.226879 3.000000
-0.557918 0.259634 0.033238 2.000000
0.383433 0.107373 0.206219 2.000000
0.430338 -0.130536 0.107685 0.000000
0.090828 -0.209813 0.057295 0.000000
0.587120 -0.021060 0.146703 1.000000
-0.397511 -0.311513 -0.100934 0.000000
-0.343565 0.315217 -0.082488 2.000000
-0.123257 -0.315329 -0.098684 0.000000
-0.520407 0.290472 -0.057945 2.000000
-0.691612 -0.451310 -0.256385 0.000000
0.588294 -0.165821 0.088455 0.000000
0.361999 0.151381 0.120985 2.000000
0.879628 -0.401319 -0.208817 0.000000
-0.072991 -0.361152 -0.150013 0.000000
-0.337109 0.093114 0.205128 2.000000
0.686519 -0.190987 -0.004565 1.000000
-0.291735 -0.200904 0.040277 0.000000
-0.003407 -0.034483 0.274907 0.000000
-0.024464 0.347904 -0.113068 2.000000
0.258407 -0.391782 -0.171381 0.000000
-0.236185 0.448213 -0.238050 2.000000
-0.196670 0.122806 0.180506 2.000000
-0.560736 0.394804 -0.155585 2.000000
0.605969 -0.190412 0.056762 0.000000
-0.680801 0.164741 0.114598 3.000000
-0.566372 -0.100630 0.177948 0.000000
-0.292021 0.247837 0.001031 2.000000
-0.490863 -0.360045 -0.153812 0.000000
0.045487 0.277876 -0.028205 2.000000
0.147555 -0.275730 -0.021350 0.000000
0.138094 0.048031 0.261498 2.000000
-0.069678 0.134992 0.178919 2.000000
-0.725649 -0.414947 -0.226656 0.000000
0.769909 0.173779 -0.064507 1.000000
0.105899 0.201953 0.032422 2.000000
-0.248404 0.228018 0.051985 2.000000
-0.663534 -0.240389 -0.024807 0.000000
-0.570506 -0.019163 0.290710 0.000000
-0.622337 0.320593 -0.104038 2.000000
0.356917 -0.418200 -0.218324 0.000000
-0.571476 0.408744 -0.221116 2.000000
-0.063773 0.334443 -0.114727 2.000000
-0.847523 0.223616 -0.214254 3.000000
-0.623872 0.380499 -0.133977 2.000000
0.862245 0.401019 -0.192513 1.000000
0.141394 -0.152894 0.143419 0.000000
0.480845 0.117852 0.205306 2.000000
0.881019 0.207328 -0.203961 1.000000
-0.348156 -0.295435 -0.061237 0.000000
0.597441 0.207160 0.069338 2.000000
0.115236 -0.267686 -0.033102 0.000000
0.882220 0.281649 -0.200290 1.000000
0.217358 0.132457 0.164549 2.000000
0.884770 0.024505 -0.197783 1.000000
0.707112 0.084513 0.011955 1.000000
0.597723 -0.009046 0.169340 1.000000
0.140929 0.287827 -0.035224 2.000000
0.711766 -0.338508 -0.110890 0.000000
0.692233 -0.205797 0.022365 1.000000
0.368299 -0.318803 -0.083761 0.000000
-0.350630 0.117141 0.163730 2.000000
0.452312 -0.098434 0.183893 0.000000
-0.285597 -0.106363 0.177770 0.000000
-0.769258 0.393630 -0.192309 2.000000
0.091845 0.293458 -0.063339 2.000000
-0.836392 -0.387648 -0.236578 3.000000
0.106869 -0.413190 -0.224506 0.000000
-0.571272 -0.425751 -0.210343 0.000000
-0.469348 -0.060037 0.237746 0.000000
-0.506974 0.239086 0.029473 2.000000
0.148116 -0.076376 0.209736 0.000000
0.203772 -0.209043 0.033361 0.000000
0.112693 0.295645 -0.025648 2.000000
-0.351407 -0.222164 0.055091 0.000000
0.426413 0.264866 -0.020952 2.000000
0.202204 0.343764 -0.111905 2.000000
0.525263 0.413475 -0.206581 2.000000
-0.719528 -0.279157 -0.037053 0.000000
-0.120502 -0.337115 -0.100935 0.000000
-0.392576 0.029948 0.293502 2.000000
0.807687 0.331842 -0.117096 1.000000
0.216509 0.313791 -0.058257 2.000000
0.258363 0.032277 0.261575 2.000000
-0.735350 -0.186383 -0.029498 3.000000
-0.634059 -0.168699 0.118109 0.000000
-0.007314 0.444518 -0.247890 2.000000
0.862245 0.401019 -0.192513 1.000000
0.877676 -0.214246 -0.223606 1.000000
-0.177467 0.126783 0.154262 2.000000
-0.735338 -0.014530 -0.030727 3.000000
-0.670100 0.203908 0.061166 2.000000
0.811461 0.280307 -0.146957 1.000000
-0.064196 -0.166778 0.091154 0.000000
-0.732967 -0.152940 -0.029438 3.000000
-0.295095 0.101230 0.219184 2.000000
0.249632 -0.230133 0.034306 0.000000
0.531251 -0.039776 0.228278 1.000000
-0.329570 -0.301176 -0.056475 0.000000
-0.843037 0.006138 -0.229762 3.000000
-0.573321 -0.288388 -0.049169 0.000000
0.527983 0.415542 -0.207560 2.000000
-0.592885 -0.082277 0.159381 0.000000
-0.238415 0.114344 0.183181 2.000000
-0.612862 0.028314 0.197991 3.000000
-0.771435 0.167946 -0.127105 3.000000
-0.246605 -0.123693 0.172718 0.000000
0.473271 -0.138815 0.135152 0.000000
0.143748 -0.289973 -0.046307 0.000000
0.587934 0.414533 -0.195110 2.000000
0.752659 0.455352 -0.225655 2.000000
0.532264 -0.068186 0.233037 0.000000
-0.527112 0.278446 -0.009614 2.000000
0.306640 -0.214381 0.029930 0.000000
-0.551640 0.279186 -0.032100 2.000000
0.449094 0.069538 0.224323 2.000000
-0.672337 0.382254 -0.188085 2.000000
0.478488 0.185596 0.106154 2.000000
-0.624887 0.371569 -0.136380 2.000000
0.600296 -0.029298 0.157718 1.000000
-0.542985 -0.166568 0.118249 0.000000
0.883534 -0.135562 -0.196860 1.000000
0.034766 0.248765 0.009370 2.000000
0.251380 0.235135 0.031349 2.000000
0.301812 0.276791 0.024785 2.000000
-0.559642 0.251034 0.020660 2.000000
-0.001693 -0.314732 -0.106360 0.000000
0.577280 -0.222824 0.029962 0.000000
0.208868 0.032747 0.291015 2.000000
-0.119869 0.132167 0.156861 2.000000
-0.116095 0.360864 -0.080915 2.000000
0.582014 -0.310062 -0.064043 0.000000
-0.563898 0.116578 0.201837 2.000000
0.269891 -0.276936 -0.012538 0.000000
0.541704 0.324196 -0.089370 2.000000
-0.783192 0.133056 -0.139107 3.000000
-0.178035 0.055118 0.279954 2.000000
-0.785803 -0.027525 -0.143802 3.000000
-0.078266 -0.164467 0.094795 0.000000
0.220948 0.336345 -0.122485 2.000000
0.478830 0.419182 -0.205667 2.000000
0.091503 0.138359 0.167274 2.000000
-0.614146 -0.062638 0.204185 3.000000
0.002926 -0.360424 -0.133434 0.000000
0.623440 -0.374766 -0.148651 0.000000
-0.478610 -0.243523 -0.037260 0.000000
0.262925 -0.255129 -0.036265 0.000000
-0.623086 0.096253 0.210733 2.000000
