-0.256598 0.423629 0.029308 1.000000
-0.188515 0.318548 -0.018696 1.000000
0.344681 0.343692 0.102706 2.000000
-0.202875 -0.229879 -0.010049 1.000000
0.737836 -0.329928 -0.064799 3.000000
-0.444513 -0.346457 0.134631 0.000000
-0.051262 -0.391840 -0.143811 1.000000
0.134070 0.274962 -0.068965 2.000000
0.043084 -0.094201 -0.181479 2.000000
-0.843410 -0.376948 -0.185264 0.000000
-0.847680 -0.292678 -0.202351 0.000000
-0.252225 -0.394777 0.023548 1.000000
-0.504598 0.255823 0.089013 0.000000
-0.577810 0.092141 0.006122 0.000000
-0.846759 0.441315 -0.184126 0.000000
-0.834183 -0.080826 -0.186980 0.000000
-0.439336 -0.427145 0.133179 0.000000
0.500757 0.112951 0.182893 3.000000
-0.597440 0.140734 0.014454 0.000000
-0.692262 -0.150985 -0.063185 0.000000
0.795777 0.070572 -0.115269 3.000000
0.744492 0.307325 -0.062620 3.000000
-0.738316 -0.392123 -0.105774 0.000000
-0.190269 0.017980 -0.006210 1.000000
-0.359685 -0.297260 0.098824 1.000000
0.730381 -0.447446 -0.054474 3.000000
0.488521 -0.003307 0.186565 3.000000
0.837175 -0.423148 -0.137439 3.000000
0.785851 -0.329526 -0.117606 3.000000
0.780626 -0.498959 -0.125306 3.000000
-0.777500 0.216814 -0.144380 0.000000
0.143279 -0.103352 -0.089829 2.000000
-0.387584 -0.184353 0.131928 1.000000
-0.297466 0.044353 0.077156 1.000000
0.689741 -0.026291 -0.021908 3.000000
-0.752486 0.406859 -0.111452 0.000000
-0.256984 -0.137086 0.034989 1.000000
0.484504 -0.261882 0.184054 3.000000
-0.165229 0.405745 -0.058301 1.000000
-0.537093 -0.271242 0.050904 0.000000
0.243966 0.221360 0.015576 2.000000
0.829182 -0.247005 -0.160022 3.000000
0.500079 0.421976 0.187212 3.000000
0.594364 -0.124899 0.083212 3.000000
0.552933 0.359284 0.132062 3.000000
-0.835495 -0.122777 -0.194443 0.000000
0.283112 0.334179 0.076055 2.000000
-0.141259 0.352729 -0.039958 1.000000
0.030179 0.196002 -0.185972 2.000000
0.446923 0.080750 0.215724 2.000000
0.538675 0.204877 0.137801 3.000000
0.251421 -0.337682 0.009482 2.000000
0.377443 0.268442 0.174344 2.000000
-0.109988 -0.054594 -0.090820 1.000000
-0.252225 -0.394777 0.023548 1.000000
0.108339 -0.419031 -0.115074 2.000000
0.183361 -0.288930 -0.028863 2.000000
0.183391 0.345746 -0.039074 2.000000
-0.394976 0.415612 0.142353 1.000000
-0.307519 -0.040288 0.067552 1.000000
-0.838295 0.047167 -0.198589 0.000000
0.033217 -0.092640 -0.189954 2.000000
-0.052190 0.412897 -0.130967 1.000000
-0.351628 -0.202404 0.099830 1.000000
-0.000691 0.144536 -0.176155 1.000000
0.696532 0.405486 -0.021770 3.000000
0.436440 0.317397 0.216909 2.000000
-0.358956 -0.032043 0.111835 1.000000
0.611889 0.040710 0.077974 3.000000
0.057776 0.024091 -0.170437 2.000000
-0.099055 -0.299644 -0.096158 1.000000
0.495459 -0.390374 0.182660 3.000000
0.494533 0.269749 0.175172 3.000000
0.151712 -0.326775 -0.081347 2.000000
-0.547511 0.214625 0.066910 0.000000
0.682883 0.154189 -0.014265 3.000000
0.290421 -0.026931 0.056494 2.000000
-0.603740 -0.020487 0.014099 0.000000
-0.203223 0.396817 -0.019827 1.000000
0.248692 -0.297791 0.021684 2.000000
-0.612221 0.187822 0.012978 0.000000
-0.255867 0.150688 0.043352 1.000000
-0.412329 0.275859 0.138132 1.000000
0.129934 -0.194843 -0.080096 2.000000
0.144252 0.403541 -0.083980 2.000000
0.102330 0.133653 -0.130019 2.000000
0.790083 -0.247118 -0.126262 3.000000
-0.199212 -0.442387 -0.003191 1.000000
0.850471 -0.502663 -0.153663 3.000000
0.154080 -0.371296 -0.081283 2.000000
-0.442517 -0.258420 0.140324 0.000000
-0.065622 -0.042881 -0.133000 1.000000
-0.391399 -0.397001 0.145165 1.000000
-0.396958 0.123239 0.161189 1.000000
-0.056333 -0.376829 -0.147269 1.000000
0.692053 -0.030446 -0.019435 3.000000
-0.048327 -0.285671 -0.135544 1.000000
-0.300125 0.331997 0.079832 1.000000
0.594364 -0.124899 0.083212 3.000000
-0.157381 -0.414734 -0.059796 1.000000
-0.546364 0.198649 0.050661 0.000000
-0.499903 0.257044 0.100435 0.000000
-0.152764 -0.483689 -0.059373 1.000000
-0.158637 0.114651 -0.054372 1.000000
0.384372 -0.247313 0.170603 2.000000
0.630242 -0.388868 0.028105 3.000000
0.102572 0.470985 -0.139652 2.000000
-0.451233 -0.076446 0.137493 0.000000
0.002857 0.368795 -0.165039 1.000000
0.698975 -0.273137 -0.008575 3.000000
-0.287800 -0.075997 0.073328 1.000000
0.092417 0.306410 -0.127408 2.000000
0.347502 0.363760 0.112646 2.000000
-0.050537 0.090592 -0.130793 1.000000
-0.311320 -0.075869 0.075874 1.000000
0.058667 -0.167149 -0.191109 2.000000
0.395243 0.344756 0.159920 2.000000
0.588933 -0.023306 0.095624 3.000000
0.037039 -0.499881 -0.179691 2.000000
0.835755 -0.367922 -0.158412 3.000000
0.690659 -0.427319 -0.015429 3.000000
-0.412329 0.275859 0.138132 1.000000
-0.152018 -0.280962 -0.051647 1.000000
0.187918 0.147441 -0.048782 2.000000
0.003181 -0.112093 -0.164743 1.000000
-0.652690 -0.401090 -0.040898 0.000000
-0.407833 -0.358377 0.162955 1.000000
0.474055 -0.192430 0.166258 3.000000
0.438927 -0.510722 0.218448 2.000000
0.083925 -0.068045 -0.139523 2.000000
0.528758 0.368663 0.135826 3.000000
0.441308 -0.132439 0.204358 2.000000
-0.341854 -0.128810 0.123644 1.000000
0.785260 -0.284825 -0.083594 3.000000
-0.859513 -0.257475 -0.191304 0.000000
-0.792528 0.370790 -0.153530 0.000000
0.290176 0.217751 0.075673 2.000000
0.100900 0.098809 -0.125714 2.000000
0.828192 0.393168 -0.161745 3.000000
0.135530 -0.225962 -0.078060 2.000000
0.638997 -0.283082 0.034728 3.000000
-0.404004 -0.221385 0.139014 1.000000
0.288870 0.382875 0.064234 2.000000
0.795716 0.135432 -0.096556 3.000000
-0.101460 0.298884 -0.085468 1.000000
0.651202 -0.260813 0.033705 3.000000
-0.346204 0.081044 0.124167 1.000000
-0.304977 -0.443960 0.082054 1.000000
0.495077 -0.350639 0.172085 3.000000
-0.245203 0.289063 0.025263 1.000000
0.144252 0.403541 -0.083980 2.000000
-0.432972 -0.224189 0.151061 0.000000
0.088329 -0.473036 -0.122345 2.000000
-0.201317 -0.266501 -0.005732 1.000000
0.248933 -0.412135 -0.002885 2.000000
-0.101460 0.298884 -0.085468 1.000000
-0.111424 0.092031 -0.092940 1.000000
-0.453314 -0.336688 0.130467 0.000000
0.824602 0.451340 -0.161144 3.000000
-0.054433 0.448426 -0.131169 1.000000
0.457471 0.353752 0.209867 2.000000
-0.260012 -0.488869 0.038181 1.000000
0.840888 -0.018081 -0.161536 3.000000
-0.592260 0.105194 0.004318 0.000000
0.838085 0.322750 -0.146959 3.000000
0.108339 -0.419031 -0.115074 2.000000
0.852798 -0.124413 -0.150892 3.000000
0.787384 0.012024 -0.108968 3.000000
-0.790656 -0.203674 -0.147537 0.000000
0.752883 -0.019158 -0.055346 3.000000
0.296224 -0.342009 0.059081 2.000000
0.746871 0.257070 -0.059676 3.000000
-0.592260 0.105194 0.004318 0.000000
0.452615 0.097466 0.209180 2.000000
-0.444704 0.278438 0.140577 0.000000
-0.542527 0.186271 0.069901 0.000000
-0.548654 -0.403250 0.050297 0.000000
0.097874 0.429780 -0.136685 2.000000
-0.241645 -0.338296 0.031573 1.000000
-0.499903 0.257044 0.100435 0.000000
-0.244793 0.448850 0.044924 1.000000
-0.645348 -0.455997 -0.022144 0.000000
0.640389 -0.182852 0.035290 3.000000
0.174218 0.358621 -0.031766 2.000000
-0.499509 0.340680 0.096270 0.000000
0.041591 -0.293227 -0.165686 2.000000
0.585221 -0.379328 0.080452 3.000000
-0.247312 0.286707 0.029261 1.000000
0.328561 0.340959 0.137354 2.000000
0.643777 0.454382 0.033533 3.000000
-0.149808 -0.255166 -0.056982 1.000000
0.449528 0.472580 0.202611 2.000000
0.349503 0.340464 0.106261 2.000000
-0.359265 0.083773 0.096233 1.000000
0.393506 0.235897 0.152702 2.000000
-0.407542 -0.472806 0.143190 1.000000
-0.054433 0.448426 -0.131169 1.000000
-0.494461 -0.214411 0.095946 0.000000
-0.242825 -0.214727 0.023983 1.000000
0.046777 0.209422 -0.200647 2.000000
0.786059 -0.517206 -0.101352 3.000000
-0.000743 -0.472740 -0.179440 1.000000
0.550817 -0.243896 0.136360 3.000000
-0.842679 0.354044 -0.203706 0.000000
0.687191 0.374870 -0.020015 3.000000
0.459855 -0.144150 0.213537 2.000000
0.757879 0.370891 -0.060137 3.000000
0.741913 0.202488 -0.064675 3.000000
-0.688968 -0.207951 -0.059276 0.000000
-0.700695 0.080559 -0.070405 0.000000
-0.839399 -0.176681 -0.191578 0.000000
-0.783194 0.288285 -0.152919 0.000000
-0.243230 0.262983 0.023744 1.000000
-0.098100 -0.447002 -0.088155 1.000000
0.488978 -0.299910 0.182850 3.000000
-0.019216 -0.143031 -0.191823 1.000000
-0.361284 -0.036885 0.116506 1.000000
-0.251080 0.389637 0.034039 1.000000
-0.150873 0.349000 -0.071750 1.000000
-0.198265 -0.332035 0.000326 1.000000
0.322693 0.272065 0.106310 2.000000
0.134897 -0.446983 -0.083143 2.000000
-0.841838 -0.065360 -0.192082 0.000000
-0.156673 0.383221 -0.048882 1.000000
-0.686704 -0.367302 -0.079889 0.000000
0.540801 -0.124904 0.133385 3.000000
-0.539172 -0.296594 0.059064 0.000000
0.044981 -0.268156 -0.176183 2.000000
0.304145 -0.029482 0.056417 2.000000
-0.551378 -0.377588 0.056165 0.000000
0.371513 -0.298134 0.137523 2.000000
-0.306987 -0.395014 0.078042 1.000000
0.231110 0.044181 0.008684 2.000000
-0.647074 -0.366105 -0.025849 0.000000
-0.157151 -0.051683 -0.055190 1.000000
0.194867 0.299467 -0.028881 2.000000
-0.604291 -0.437560 0.017685 0.000000
0.842019 0.243892 -0.163394 3.000000
0.645987 -0.413456 0.034610 3.000000
-0.847680 -0.292678 -0.202351 0.000000
0.193433 0.112847 -0.027466 2.000000
-0.459734 -0.226080 0.139098 0.000000
-0.340620 0.455162 0.115033 1.000000
-0.843410 -0.376948 -0.185264 0.000000
0.143791 0.012010 -0.083171 2.000000
0.283648 0.026303 0.065414 2.000000
0.759360 0.324755 -0.057601 3.000000
-0.160059 0.310957 -0.052045 1.000000
0.450020 0.141761 0.206046 2.000000
0.619726 -0.265073 0.018178 3.000000
0.499604 -0.110238 0.170276 3.000000
-0.659579 -0.497086 -0.026780 0.000000
0.299259 0.432963 0.059499 2.000000
0.550631 -0.464887 0.114945 3.000000
-0.090455 0.388022 -0.097531 1.000000
0.090809 -0.267772 -0.138878 2.000000
-0.550981 -0.175917 0.061763 0.000000
0.692567 0.142610 -0.019736 3.000000
-0.098291 0.262780 -0.094355 1.000000
-0.592110 0.415165 -0.001498 0.000000
-0.243399 -0.357731 0.036933 1.000000
0.240582 0.118622 0.022683 2.000000
-0.003219 -0.157823 -0.168632 1.000000
-0.752411 -0.149948 -0.124257 0.000000
0.095702 -0.397947 -0.122837 2.000000
0.838306 -0.430138 -0.155677 3.000000
0.275252 0.172464 0.066750 2.000000
-0.691573 -0.241324 -0.049625 0.000000
0.705372 0.423583 -0.010827 3.000000
-0.692262 -0.150985 -0.063185 0.000000
0.752883 -0.019158 -0.055346 3.000000
-0.252500 0.446534 0.033336 1.000000
-0.785853 0.083207 -0.149336 0.000000
0.095768 -0.467403 -0.121569 2.000000
-0.443432 -0.015430 0.154237 0.000000
-0.088414 -0.322746 -0.098900 1.000000
-0.580789 -0.422882 0.015950 0.000000
-0.112882 0.310137 -0.092416 1.000000
-0.500087 -0.176048 0.093738 0.000000
0.445238 -0.175729 0.213330 2.000000
-0.702076 0.164057 -0.070936 0.000000
0.785399 -0.232945 -0.114457 3.000000
0.629696 0.037329 0.045764 3.000000
-0.592260 0.105194 0.004318 0.000000
-0.289514 0.410489 0.080377 1.000000
-0.593407 -0.451549 0.016215 0.000000
0.579277 -0.087371 0.073977 3.000000
0.838203 -0.375312 -0.168324 3.000000
-0.198265 -0.332035 0.000326 1.000000
0.202824 -0.089398 -0.047039 2.000000
-0.841012 0.269638 -0.181081 0.000000
0.240582 0.118622 0.022683 2.000000
-0.546472 0.175258 0.057070 0.000000
0.198213 -0.090407 -0.029845 2.000000
-0.351628 -0.202404 0.099830 1.000000
-0.488914 0.065728 0.101800 0.000000
0.002092 -0.260223 -0.173101 1.000000
-0.033109 0.262627 -0.123451 1.000000
-0.792191 -0.430818 -0.163253 0.000000
0.789137 -0.262948 -0.099906 3.000000
-0.358039 -0.487176 0.110229 1.000000
-0.334495 -0.412192 0.115587 1.000000
0.240582 0.118622 0.022683 2.000000
-0.732812 0.330046 -0.103722 0.000000
0.635737 0.373294 0.028095 3.000000
0.186072 0.433372 -0.036908 2.000000
-0.413255 0.340205 0.158420 1.000000
-0.693910 -0.488175 -0.076017 0.000000
-0.688134 -0.242916 -0.082196 0.000000
0.593755 0.463359 0.084276 3.000000
-0.048499 -0.007113 -0.116959 1.000000
0.692728 -0.048051 -0.004740 3.000000
0.560237 0.089691 0.137399 3.000000
-0.742327 0.165762 -0.104387 0.000000
-0.306987 -0.395014 0.078042 1.000000
0.177683 0.079709 -0.024663 2.000000
-0.071545 0.453848 -0.137059 1.000000
-0.649089 0.358823 -0.030622 0.000000
-0.741534 0.158438 -0.113942 0.000000
-0.737505 0.150893 -0.111436 0.000000
0.835302 0.110040 -0.173543 3.000000
-0.663174 -0.460872 -0.039788 0.000000
0.670935 -0.354310 -0.021847 3.000000
0.528758 0.368663 0.135826 3.000000
0.495728 0.265841 0.191028 3.000000
0.248717 0.089226 0.010459 2.000000
-0.395923 0.290197 0.141696 1.000000
-0.848501 0.391015 -0.186743 0.000000
0.388564 0.143125 0.145564 2.000000
-0.366515 0.369723 0.116927 1.000000
0.050074 0.429561 -0.177742 2.000000
-0.243550 0.138971 0.013239 1.000000
-0.269043 -0.418185 0.037284 1.000000
0.037404 -0.332900 -0.177279 2.000000
0.688999 -0.476927 -0.018464 3.000000
-0.155881 -0.436566 -0.062389 1.000000
-0.596125 -0.465310 -0.008163 0.000000
0.381567 0.202319 0.142334 2.000000
-0.783250 0.402930 -0.159578 0.000000
0.040389 -0.288084 -0.182229 2.000000
-0.347533 -0.429881 0.122584 1.000000
-0.587501 -0.412815 0.019079 0.000000
-0.069696 -0.339568 -0.108399 1.000000
0.255098 -0.001241 0.014663 2.000000
-0.401671 0.365750 0.153041 1.000000
-0.190269 0.017980 -0.006210 1.000000
-0.612221 0.187822 0.012978 0.000000
-0.148743 0.124836 -0.035928 1.000000
-0.351689 0.342055 0.119408 1.000000
-0.004862 -0.162318 -0.184039 1.000000
0.002857 0.368795 -0.165039 1.000000
-0.001585 0.230079 -0.171554 1.000000
-0.500035 -0.276305 0.094402 0.000000
0.733705 0.203375 -0.063488 3.000000
-0.585971 -0.028572 0.019584 0.000000
0.482552 -0.378850 0.178419 3.000000
-0.130924 0.348624 -0.032977 1.000000
-0.050537 0.090592 -0.130793 1.000000
-0.597080 0.419165 -0.001740 0.000000
0.443491 0.272570 0.207574 2.000000
0.602177 -0.053150 0.104570 3.000000
0.499604 -0.110238 0.170276 3.000000
0.641200 0.048932 0.028641 3.000000
0.187918 0.147441 -0.048782 2.000000
-0.801746 -0.323811 -0.161177 0.000000
-0.740001 -0.446193 -0.107837 0.000000
-0.838558 0.009443 -0.181017 0.000000
0.098201 0.133420 -0.150559 2.000000
0.631300 -0.104718 0.029412 3.000000
0.339997 0.215871 0.100185 2.000000
-0.502478 0.192837 0.093971 0.000000
-0.144598 0.241486 -0.053857 1.000000
-0.745355 -0.139761 -0.110353 0.000000
0.838203 -0.375312 -0.168324 3.000000
-0.158326 -0.235893 -0.057894 1.000000
0.391533 -0.214969 0.143062 2.000000
0.590409 -0.176934 0.086680 3.000000
0.627103 0.127062 0.023445 3.000000
-0.206755 -0.096472 -0.011462 1.000000
0.782909 0.436071 -0.094739 3.000000
-0.491808 -0.498889 0.104060 0.000000
0.880617 -0.184768 -0.176386 3.000000
-0.634923 -0.476540 -0.054034 0.000000
0.144252 0.403541 -0.083980 2.000000
-0.011234 0.048702 -0.175389 1.000000
-0.641814 -0.328922 -0.023937 0.000000
-0.604291 -0.437560 0.017685 0.000000
0.003969 0.324038 -0.167980 1.000000
0.751828 0.307659 -0.067005 3.000000
-0.560717 -0.249714 0.047304 0.000000
-0.194226 -0.438750 -0.003085 1.000000
0.388207 0.219492 0.167126 2.000000
-0.688134 -0.242916 -0.082196 0.000000
-0.796071 0.184410 -0.135852 0.000000
0.091962 -0.053520 -0.120338 2.000000
-0.198992 -0.256063 -0.011128 1.000000
-0.651350 -0.434518 -0.032866 0.000000
-0.398030 -0.445253 0.152752 1.000000
0.098227 -0.335454 -0.123584 2.000000
0.446020 -0.264102 0.202673 2.000000
0.439786 -0.242006 0.191274 2.000000
-0.152018 -0.280962 -0.051647 1.000000
0.835302 0.110040 -0.173543 3.000000
0.397150 -0.514444 0.163686 2.000000
-0.545134 -0.017517 0.052878 0.000000
0.105911 0.105321 -0.134886 2.000000
-0.052190 0.412897 -0.130967 1.000000
0.820755 -0.022121 -0.157852 3.000000
-0.140103 0.383275 -0.035869 1.000000
0.797103 -0.479673 -0.105365 3.000000
-0.836604 -0.126091 -0.191833 0.000000
0.474989 0.393248 0.177039 3.000000
-0.241438 0.019078 0.036025 1.000000
-0.452416 -0.337497 0.138805 0.000000
-0.647929 0.001299 -0.018619 0.000000
0.294143 0.094339 0.050332 2.000000
-0.453314 -0.336688 0.130467 0.000000
0.697895 0.375486 -0.007775 3.000000
0.542828 0.124681 0.110333 3.000000
0.041260 0.080908 -0.185736 2.000000
-0.100411 -0.427765 -0.070407 1.000000
-0.050638 -0.053668 -0.139175 1.000000
0.831697 -0.180518 -0.164879 3.000000
0.194580 -0.501871 -0.034726 2.000000
0.292034 0.424008 0.067947 2.000000
0.449888 -0.495738 0.211179 2.000000
0.547450 0.093319 0.114995 3.000000
-0.151045 -0.111287 -0.034677 1.000000
0.692728 -0.048051 -0.004740 3.000000
0.328230 -0.059151 0.100841 2.000000
0.506374 0.387363 0.186429 3.000000
-0.654813 -0.359748 -0.013637 0.000000
-0.859513 -0.257475 -0.191304 0.000000
-0.450218 -0.476504 0.148776 0.000000
-0.153071 -0.102996 -0.062529 1.000000
-0.646803 0.095130 -0.032824 0.000000
-0.801392 0.265306 -0.149021 0.000000
0.474055 -0.192430 0.166258 3.000000
-0.337958 0.238524 0.123548 1.000000
-0.008624 -0.317129 -0.160697 1.000000
0.158270 -0.152802 -0.071616 2.000000
0.446923 0.080750 0.215724 2.000000
-0.107606 0.153458 -0.089599 1.000000
-0.739219 -0.116643 -0.105648 0.000000
0.393506 0.235897 0.152702 2.000000
-0.241645 -0.338296 0.031573 1.000000
0.440904 -0.239500 0.217268 2.000000
-0.251738 0.089642 0.036995 1.000000
-0.144598 0.241486 -0.053857 1.000000
0.386685 -0.365642 0.160265 2.000000
-0.741039 -0.063180 -0.096415 0.000000
0.436753 0.465065 0.206876 2.000000
0.143310 -0.155974 -0.091038 2.000000
-0.699600 0.345786 -0.070160 0.000000
-0.306068 -0.063324 0.060200 1.000000
0.143791 0.012010 -0.083171 2.000000
-0.757612 -0.502947 -0.123926 0.000000
-0.737039 0.182167 -0.112522 0.000000
-0.552822 -0.304974 0.051191 0.000000
0.197623 0.373762 -0.047411 2.000000
-0.306832 0.264377 0.067309 1.000000
0.741675 -0.074772 -0.058134 3.000000
0.029760 0.206854 -0.184612 2.000000
0.442379 -0.419167 0.217410 2.000000
-0.547511 0.214625 0.066910 0.000000
-0.493447 -0.492097 0.105546 0.000000
-0.334495 -0.412192 0.115587 1.000000
0.489801 0.016240 0.195306 3.000000
-0.790656 -0.203674 -0.147537 0.000000
-0.694247 -0.346109 -0.083820 0.000000
-0.690765 -0.152854 -0.075634 0.000000
0.201909 -0.456035 -0.027723 2.000000
0.825357 -0.404671 -0.161959 3.000000
-0.198265 -0.332035 0.000326 1.000000
0.545851 0.475337 0.126264 3.000000
-0.247312 0.286707 0.029261 1.000000
-0.802988 0.311427 -0.151481 0.000000
-0.795138 -0.142679 -0.157238 0.000000
0.149968 0.436996 -0.077037 2.000000
0.690955 0.301256 -0.024127 3.000000
-0.544600 0.372220 0.050334 0.000000
0.135530 -0.225962 -0.078060 2.000000
-0.493697 0.274848 0.100686 0.000000
-0.248389 -0.165202 0.045442 1.000000
0.844664 0.188121 -0.170324 3.000000
-0.590452 0.244559 0.011671 0.000000
-0.007919 0.429723 -0.175728 1.000000
-0.152865 0.285741 -0.058357 1.000000
0.531485 -0.293280 0.129793 3.000000
0.841894 -0.516304 -0.156985 3.000000
-0.461999 -0.366851 0.130032 0.000000
0.634516 -0.248216 0.033559 3.000000
0.547508 -0.498877 0.124677 3.000000
-0.838793 0.320700 -0.182906 0.000000
-0.682928 -0.096245 -0.079988 0.000000
0.347502 0.363760 0.112646 2.000000
-0.451233 -0.076446 0.137493 0.000000
-0.645348 -0.455997 -0.022144 0.000000
0.058667 -0.167149 -0.191109 2.000000
-0.247312 0.286707 0.029261 1.000000
-0.784976 0.048615 -0.143696 0.000000
-0.294861 -0.263239 0.075691 1.000000
-0.342349 0.319860 0.123522 1.000000
-0.686908 0.217735 -0.072995 0.000000
-0.449775 -0.405115 0.124568 0.000000
0.050379 -0.247165 -0.181699 2.000000
-0.117763 0.259355 -0.092494 1.000000
0.648106 0.269879 0.039498 3.000000
0.363666 -0.315498 0.121931 2.000000
-0.407542 -0.472806 0.143190 1.000000
-0.546472 0.175258 0.057070 0.000000
0.038386 -0.051185 -0.188308 2.000000
-0.017175 -0.499493 -0.160798 1.000000
-0.514969 -0.237789 0.079034 0.000000
0.696012 0.366500 -0.005072 3.000000
0.833453 0.011456 -0.163492 3.000000
-0.749853 0.307472 -0.092355 0.000000
-0.488802 -0.072799 0.096564 0.000000
0.102572 0.470985 -0.139652 2.000000
-0.452246 0.173215 0.131904 0.000000
-0.391672 -0.319184 0.134881 1.000000
-0.006418 -0.467944 -0.160922 1.000000
0.666900 -0.106069 -0.025647 3.000000
-0.053077 0.082297 -0.129474 1.000000
-0.105570 0.210548 -0.099521 1.000000
-0.687400 0.026253 -0.064505 0.000000
-0.141084 -0.212034 -0.044775 1.000000
0.383278 0.449156 0.155230 2.000000
0.759360 0.324755 -0.057601 3.000000
-0.443432 -0.015430 0.154237 0.000000
0.784797 0.324647 -0.111257 3.000000
0.493475 -0.377000 0.175499 3.000000
-0.195410 0.469483 -0.006188 1.000000
0.547160 0.286442 0.131046 3.000000
-0.359685 -0.297260 0.098824 1.000000
-0.404062 -0.118944 0.131088 1.000000
-0.198265 -0.332035 0.000326 1.000000
0.844365 0.451862 -0.164038 3.000000
0.392871 0.374764 0.168013 2.000000
-0.243230 0.262983 0.023744 1.000000
-0.803360 -0.023948 -0.154137 0.000000
0.587484 -0.203787 0.099776 3.000000
0.843190 0.271122 -0.170870 3.000000
0.639205 0.333840 0.033425 3.000000
-0.438060 0.057942 0.141943 0.000000
-0.593436 0.414752 0.011379 0.000000
0.693118 0.285288 -0.011756 3.000000
-0.343474 0.041481 0.089817 1.000000
0.438789 -0.453564 0.199390 2.000000
0.744699 -0.449979 -0.059470 3.000000
0.594366 0.354694 0.091677 3.000000
0.143279 -0.103352 -0.089829 2.000000
0.090743 0.264391 -0.131562 2.000000
0.383213 -0.420498 0.161777 2.000000
-0.157339 -0.273535 -0.049470 1.000000
-0.688134 -0.242916 -0.082196 0.000000
0.647273 0.416689 0.032071 3.000000
-0.006921 -0.481150 -0.156608 1.000000
-0.803070 0.230252 -0.153972 0.000000
0.046777 0.209422 -0.200647 2.000000
0.739957 -0.319925 -0.062378 3.000000
0.147330 0.236511 -0.087138 2.000000
-0.050638 -0.053668 -0.139175 1.000000
0.840450 0.052731 -0.161139 3.000000
0.238869 -0.128067 0.015235 2.000000
-0.639518 -0.078039 -0.022042 0.000000
0.258439 -0.203036 0.008892 2.000000
0.440761 0.271755 0.198279 2.000000
0.098142 0.395633 -0.125660 2.000000
0.090447 -0.300807 -0.139269 2.000000
-0.255096 -0.026747 0.042340 1.000000
-0.401671 0.365750 0.153041 1.000000
-0.391399 -0.397001 0.145165 1.000000
0.344027 -0.013699 0.103721 2.000000
-0.096431 0.198893 -0.091423 1.000000
-0.302602 -0.475140 0.064641 1.000000
0.530282 0.223061 0.128763 3.000000
0.495077 -0.350639 0.172085 3.000000
-0.829029 0.194786 -0.196547 0.000000
0.634516 -0.248216 0.033559 3.000000
-0.193640 -0.509131 -0.011079 1.000000
0.198302 -0.426406 -0.030779 2.000000
0.586187 0.163192 0.082731 3.000000
0.642524 0.058871 0.035433 3.000000
0.792333 -0.491614 -0.106920 3.000000
0.445238 -0.175729 0.213330 2.000000
-0.200849 -0.153659 -0.012450 1.000000
-0.590452 0.244559 0.011671 0.000000
-0.034312 0.467981 -0.135015 1.000000
0.445646 0.170682 0.201986 2.000000
0.445646 0.170682 0.201986 2.000000
0.297529 0.374018 0.060332 2.000000
0.090149 0.166216 -0.130930 2.000000
0.800267 0.249529 -0.108580 3.000000
0.082512 0.448648 -0.133099 2.000000
-0.299186 0.313106 0.063158 1.000000
-0.251510 0.300170 0.048143 1.000000
-0.850890 0.303511 -0.189291 0.000000
0.494533 0.269749 0.175172 3.000000
0.496414 0.164188 0.174701 3.000000
0.448285 0.173104 0.204928 2.000000
-0.837300 -0.022516 -0.179163 0.000000
0.440761 0.271755 0.198279 2.000000
-0.810090 -0.406709 -0.147136 0.000000
-0.157151 -0.051683 -0.055190 1.000000
0.126563 -0.469268 -0.075151 2.000000
-0.549672 0.354634 0.047499 0.000000
0.594047 -0.187773 0.079707 3.000000
0.782079 0.318925 -0.114505 3.000000
0.389713 -0.464266 0.155953 2.000000
0.083989 -0.265116 -0.128547 2.000000
-0.794583 0.002225 -0.148831 0.000000
-0.203138 -0.369954 -0.015649 1.000000
-0.352265 -0.364394 0.113967 1.000000
0.402557 0.386084 0.154456 2.000000
-0.052190 0.412897 -0.130967 1.000000
0.231110 0.044181 0.008684 2.000000
0.381663 -0.131876 0.172658 2.000000
-0.642378 -0.108757 -0.036038 0.000000
-0.504267 0.101050 0.098260 0.000000
0.495728 0.265841 0.191028 3.000000
-0.146888 -0.144981 -0.042838 1.000000
0.489206 0.371371 0.183034 3.000000
-0.836003 -0.239897 -0.196687 0.000000
0.027047 -0.468651 -0.203487 2.000000
-0.092784 0.413592 -0.111326 1.000000
-0.346639 -0.332694 0.093257 1.000000
-0.088414 -0.322746 -0.098900 1.000000
0.344681 0.343692 0.102706 2.000000
0.240361 0.252000 0.016942 2.000000
0.554654 0.029907 0.125474 3.000000
0.240361 0.252000 0.016942 2.000000
-0.243230 0.262983 0.023744 1.000000
-0.298013 -0.158822 0.075031 1.000000
-0.536579 0.009782 0.057459 0.000000
-0.445487 0.198311 0.128330 0.000000
-0.199167 0.345417 0.002830 1.000000
0.595032 -0.213781 0.069052 3.000000
0.487076 0.015854 0.179230 3.000000
-0.835099 0.421822 -0.185953 0.000000
-0.454087 -0.211564 0.130190 0.000000
-0.302584 -0.140727 0.073188 1.000000
-0.362048 -0.154124 0.102165 1.000000
-0.033508 -0.029567 -0.153479 1.000000
0.154080 -0.371296 -0.081283 2.000000
-0.044573 0.417524 -0.128621 1.000000
-0.158637 0.114651 -0.054372 1.000000
-0.808938 0.266580 -0.152853 0.000000
-0.269043 -0.418185 0.037284 1.000000
-0.702275 -0.031725 -0.066380 0.000000
0.725725 -0.137086 -0.068665 3.000000
-0.302381 -0.461172 0.068537 1.000000
0.098295 0.355960 -0.127055 2.000000
0.488978 -0.299910 0.182850 3.000000
-0.848501 0.391015 -0.186743 0.000000
0.090398 -0.429928 -0.126551 2.000000
0.027047 -0.468651 -0.203487 2.000000
0.335688 0.345349 0.109910 2.000000
-0.299657 -0.164192 0.066755 1.000000
0.778835 -0.046610 -0.113978 3.000000
0.837128 -0.343231 -0.170203 3.000000
0.785260 -0.284825 -0.083594 3.000000
0.095867 0.363857 -0.135300 2.000000
-0.391689 0.379161 0.151583 1.000000
-0.538728 0.424796 0.050194 0.000000
0.183361 -0.288930 -0.028863 2.000000
0.450020 0.141761 0.206046 2.000000
0.492821 0.333006 0.191500 3.000000
-0.756154 0.452276 -0.104583 0.000000
-0.204364 0.193801 -0.018245 1.000000
-0.310799 -0.156170 0.067180 1.000000
-0.794174 0.433225 -0.155101 0.000000
-0.546632 0.240360 0.051346 0.000000
0.493475 -0.377000 0.175499 3.000000
-0.632513 0.201886 -0.033892 0.000000
0.038466 0.231875 -0.179574 2.000000
-0.546629 -0.200337 0.044459 0.000000
-0.161514 0.028590 -0.052640 1.000000
-0.600735 -0.172105 0.009552 0.000000
0.845433 -0.269945 -0.163126 3.000000
-0.835099 0.421822 -0.185953 0.000000
-0.399064 -0.490300 0.147092 1.000000
-0.106682 0.089619 -0.105787 1.000000
0.290456 -0.152292 0.054282 2.000000
0.712397 -0.028814 -0.053869 3.000000
0.283648 0.026303 0.065414 2.000000
-0.242825 -0.214727 0.023983 1.000000
0.810330 -0.519522 -0.095143 3.000000
0.746871 0.257070 -0.059676 3.000000
0.492821 0.333006 0.191500 3.000000
0.531138 0.368648 0.131091 3.000000
0.438927 -0.510722 0.218448 2.000000
0.105069 0.168256 -0.147507 2.000000
-0.205405 0.151559 -0.000175 1.000000
0.536834 -0.014545 0.121340 3.000000
-0.253544 0.296343 0.029374 1.000000
-0.054558 -0.236102 -0.138396 1.000000
-0.242825 -0.214727 0.023983 1.000000
-0.033109 0.262627 -0.123451 1.000000
-0.552987 0.431435 0.055293 0.000000
0.395243 0.344756 0.159920 2.000000
-0.560717 -0.249714 0.047304 0.000000
0.828131 0.387632 -0.168079 3.000000
0.229046 0.241689 -0.005436 2.000000
0.688999 -0.476927 -0.018464 3.000000
-0.755577 -0.074374 -0.118657 0.000000
0.057522 -0.430369 -0.181022 2.000000
-0.299657 -0.164192 0.066755 1.000000
-0.310799 -0.156170 0.067180 1.000000
0.349503 0.340464 0.106261 2.000000
-0.351649 -0.466088 0.116229 1.000000
0.789845 -0.391091 -0.112074 3.000000
0.436753 0.465065 0.206876 2.000000
-0.488802 -0.072799 0.096564 0.000000
-0.019216 -0.143031 -0.191823 1.000000
-0.594836 0.027269 0.025326 0.000000
-0.657618 0.287792 -0.023617 0.000000
0.056182 -0.351218 -0.193325 2.000000
-0.204364 0.193801 -0.018245 1.000000
0.645987 -0.413456 0.034610 3.000000
0.442139 0.064875 0.198694 2.000000
-0.296925 0.440078 0.077805 1.000000
0.698975 -0.273137 -0.008575 3.000000
-0.647074 -0.366105 -0.025849 0.000000
0.487151 0.321986 0.174814 3.000000
-0.239654 0.017961 0.031530 1.000000
0.529891 0.055661 0.136040 3.000000
0.786441 -0.371905 -0.110395 3.000000
0.053869 -0.499453 -0.191200 2.000000
-0.005862 0.098754 -0.178553 1.000000
0.759360 0.324755 -0.057601 3.000000
-0.197882 -0.138997 0.001373 1.000000
0.227858 -0.467960 -0.005363 2.000000
0.210331 -0.247974 -0.029434 2.000000
-0.444704 0.278438 0.140577 0.000000
-0.444212 0.132740 0.136818 0.000000
0.180185 0.298978 -0.049635 2.000000
0.135962 0.045070 -0.085705 2.000000
-0.353923 0.048631 0.123042 1.000000
0.495996 -0.133479 0.179719 3.000000
0.828131 0.387632 -0.168079 3.000000
0.089911 -0.052011 -0.134324 2.000000
-0.110460 0.194466 -0.103729 1.000000
-0.796071 0.184410 -0.135852 0.000000
-0.792822 0.083466 -0.150041 0.000000
0.486125 0.427815 0.178221 3.000000
0.638062 0.111148 0.018359 3.000000
0.444967 0.027666 0.211654 2.000000
0.704904 -0.320975 -0.022792 3.000000
-0.692262 -0.150985 -0.063185 0.000000
-0.140862 0.304545 -0.039207 1.000000
0.722248 0.359371 -0.059402 3.000000
0.547508 -0.498877 0.124677 3.000000
-0.587501 -0.412815 0.019079 0.000000
-0.362048 -0.154124 0.102165 1.000000
0.258439 -0.203036 0.008892 2.000000
-0.398926 0.253893 0.143712 1.000000
-0.044688 -0.114035 -0.123650 1.000000
0.337662 0.303917 0.102083 2.000000
-0.399494 -0.079765 0.142522 1.000000
0.649164 0.400304 0.029664 3.000000
0.547607 0.270767 0.131577 3.000000
0.737398 0.038884 -0.060246 3.000000
0.011798 -0.463079 -0.165758 1.000000
0.187948 -0.031936 -0.034560 2.000000
0.149968 0.436996 -0.077037 2.000000
-0.741039 -0.063180 -0.096415 0.000000
0.188698 0.287857 -0.042683 2.000000
-0.745355 -0.139761 -0.110353 0.000000
-0.646803 0.095130 -0.032824 0.000000
0.346921 0.204320 0.109832 2.000000
-0.096431 0.198893 -0.091423 1.000000
0.530945 0.448044 0.124014 3.000000
-0.452416 -0.337497 0.138805 0.000000
-0.045948 0.372335 -0.140520 1.000000
-0.358956 -0.032043 0.111835 1.000000
0.582596 0.041489 0.079653 3.000000
0.547160 0.286442 0.131046 3.000000
-0.252468 -0.166799 0.027581 1.000000
0.753891 -0.043111 -0.065639 3.000000
-0.403284 0.151445 0.155664 1.000000
-0.351628 -0.202404 0.099830 1.000000
-0.686908 0.217735 -0.072995 0.000000
0.298559 -0.107898 0.063075 2.000000
0.193605 -0.228887 -0.056232 2.000000
0.328230 -0.059151 0.100841 2.000000
-0.202382 0.247120 -0.013882 1.000000
0.194487 -0.033839 -0.040261 2.000000
0.638062 0.111148 0.018359 3.000000
-0.599645 0.272808 0.021585 0.000000
0.478571 -0.055563 0.175355 3.000000
-0.688324 -0.054813 -0.071839 0.000000
-0.652223 -0.327082 -0.029984 0.000000
0.290349 0.334988 0.058775 2.000000
-0.346660 0.210520 0.118571 1.000000
-0.841838 -0.065360 -0.192082 0.000000
-0.044688 -0.114035 -0.123650 1.000000
0.500079 0.421976 0.187212 3.000000
0.540020 -0.046067 0.139113 3.000000
-0.783095 0.018116 -0.148974 0.000000
-0.309746 0.349593 0.094221 1.000000
-0.791150 0.418132 -0.145302 0.000000
0.083925 -0.068045 -0.139523 2.000000
-0.791150 0.418132 -0.145302 0.000000
-0.060492 0.393303 -0.132511 1.000000
0.838203 -0.375312 -0.168324 3.000000
0.098295 0.355960 -0.127055 2.000000
0.144958 -0.264946 -0.082130 2.000000
-0.830750 -0.245082 -0.181243 0.000000
0.457471 0.353752 0.209867 2.000000
-0.850476 -0.080376 -0.198825 0.000000
0.670935 -0.354310 -0.021847 3.000000
-0.649658 -0.310501 -0.014671 0.000000
-0.740921 0.350448 -0.123168 0.000000
-0.487019 -0.182278 0.088188 0.000000
0.183391 0.345746 -0.039074 2.000000
-0.043933 -0.480515 -0.131181 1.000000
0.691662 0.409828 -0.022790 3.000000
-0.256598 0.423629 0.029308 1.000000
-0.347093 0.361101 0.115655 1.000000
0.643777 0.454382 0.033533 3.000000
0.732062 0.289186 -0.071853 3.000000
0.521341 0.168978 0.136042 3.000000
0.275252 0.172464 0.066750 2.000000
-0.754245 0.199651 -0.116848 0.000000
0.588101 0.360857 0.092182 3.000000
0.291025 -0.306720 0.048971 2.000000
-0.355025 -0.285753 0.124092 1.000000
0.840450 0.052731 -0.161139 3.000000
-0.603740 -0.020487 0.014099 0.000000
-0.510930 -0.225457 0.078734 0.000000
0.050546 -0.412086 -0.182647 2.000000
0.844365 0.451862 -0.164038 3.000000
-0.107606 0.153458 -0.089599 1.000000
0.690021 -0.235907 -0.027431 3.000000
-0.100411 -0.427765 -0.070407 1.000000
0.450276 -0.013438 0.195241 2.000000
-0.145969 0.342982 -0.055456 1.000000
-0.359563 -0.064446 0.114995 1.000000
-0.200849 -0.153659 -0.012450 1.000000
0.003181 -0.112093 -0.164743 1.000000
0.332532 -0.360382 0.112888 2.000000
0.831946 -0.451834 -0.168249 3.000000
0.444598 0.094132 0.196978 2.000000
0.402557 0.386084 0.154456 2.000000
-0.197689 0.294184 -0.001157 1.000000
-0.752488 0.277740 -0.110428 0.000000
-0.444212 0.132740 0.136818 0.000000
-0.348426 0.130744 0.129489 1.000000
-0.832408 0.128205 -0.189413 0.000000
-0.355025 -0.285753 0.124092 1.000000
-0.510930 -0.225457 0.078734 0.000000
-0.383533 0.271047 0.140039 1.000000
0.744699 -0.449979 -0.059470 3.000000
-0.248193 -0.222777 0.017222 1.000000
-0.751211 -0.081548 -0.116298 0.000000
-0.347533 -0.429881 0.122584 1.000000
0.337469 -0.113026 0.095586 2.000000
0.627601 -0.333180 0.028236 3.000000
-0.056645 0.271620 -0.120939 1.000000
0.395464 0.267034 0.162751 2.000000
-0.654813 -0.359748 -0.013637 0.000000
-0.252225 -0.394777 0.023548 1.000000
-0.695831 0.367990 -0.068589 0.000000
-0.233670 0.170332 0.037923 1.000000
0.535516 0.215135 0.136522 3.000000
-0.302153 -0.036449 0.067905 1.000000
0.479900 0.312217 0.189003 3.000000
0.442379 -0.419167 0.217410 2.000000
-0.260283 -0.089864 0.022245 1.000000
-0.147660 -0.268564 -0.065103 1.000000
0.349503 0.340464 0.106261 2.000000
-0.646570 -0.184522 -0.026634 0.000000
-0.438060 0.057942 0.141943 0.000000
0.688999 -0.476927 -0.018464 3.000000
0.682773 -0.282808 -0.011911 3.000000
-0.838558 0.009443 -0.181017 0.000000
-0.704392 0.304151 -0.069410 0.000000
0.840450 0.052731 -0.161139 3.000000
-0.458594 0.054450 0.132896 0.000000
-0.157151 -0.051683 -0.055190 1.000000
-0.729742 0.186435 -0.123598 0.000000
-0.609461 -0.441743 0.014520 0.000000
0.082512 0.448648 -0.133099 2.000000
-0.755244 -0.021484 -0.118602 0.000000
0.550944 -0.301774 0.135155 3.000000
0.445357 0.052398 0.209978 2.000000
-0.544600 0.372220 0.050334 0.000000
-0.687487 0.015332 -0.067988 0.000000
-0.158326 -0.235893 -0.057894 1.000000
0.545851 0.475337 0.126264 3.000000
-0.596215 0.084667 0.025695 0.000000
-0.102001 0.080484 -0.085391 1.000000
-0.251738 0.089642 0.036995 1.000000
-0.069696 -0.339568 -0.108399 1.000000
0.845433 -0.269945 -0.163126 3.000000
-0.200659 0.260352 -0.007261 1.000000
0.824014 -0.300537 -0.149740 3.000000
-0.042203 0.039495 -0.130461 1.000000
0.435675 0.388146 0.207365 2.000000
0.046938 -0.106173 -0.176228 2.000000
0.003181 -0.112093 -0.164743 1.000000
0.290176 0.217751 0.075673 2.000000
-0.297980 -0.165409 0.085672 1.000000
0.587856 0.403168 0.079375 3.000000
0.322693 0.272065 0.106310 2.000000
-0.104169 -0.006825 -0.104026 1.000000
0.682773 -0.282808 -0.011911 3.000000
0.631507 0.029352 0.035033 3.000000
-0.197689 0.294184 -0.001157 1.000000
-0.398926 0.253893 0.143712 1.000000
0.037404 -0.332900 -0.177279 2.000000
-0.157381 -0.414734 -0.059796 1.000000
0.625472 0.085577 0.030576 3.000000
0.344027 -0.013699 0.103721 2.000000
-0.204364 0.193801 -0.018245 1.000000
0.686680 -0.502397 -0.016296 3.000000
0.174218 0.358621 -0.031766 2.000000
-0.413255 0.340205 0.158420 1.000000
0.534495 0.037021 0.130353 3.000000
0.736872 0.371872 -0.050401 3.000000
0.434225 -0.133568 0.203021 2.000000
-0.110460 0.194466 -0.103729 1.000000
0.288816 -0.419979 0.072430 2.000000
-0.095606 0.012683 -0.089823 1.000000
-0.777500 0.216814 -0.144380 0.000000
-0.249982 -0.480743 0.054124 1.000000
0.602177 -0.053150 0.104570 3.000000
-0.537222 0.164845 0.064397 0.000000
0.285331 0.384749 0.064390 2.000000
0.797103 -0.479673 -0.105365 3.000000
0.837733 -0.246090 -0.166320 3.000000
0.389095 0.412026 0.154134 2.000000
-0.549672 0.354634 0.047499 0.000000
-0.398674 0.042234 0.138410 1.000000
-0.756154 0.452276 -0.104583 0.000000
-0.033109 0.262627 -0.123451 1.000000
-0.247311 0.453227 0.043230 1.000000
-0.254034 -0.198034 0.022665 1.000000
0.474055 -0.192430 0.166258 3.000000
0.737398 0.038884 -0.060246 3.000000
0.591877 0.323357 0.074833 3.000000
-0.337958 0.238524 0.123548 1.000000
-0.241173 0.056089 0.027679 1.000000
-0.233670 0.170332 0.037923 1.000000
-0.838793 0.320700 -0.182906 0.000000
0.290163 0.193103 0.051708 2.000000
0.409514 -0.502742 0.170437 2.000000
0.833383 -0.392988 -0.160318 3.000000
-0.291971 0.030582 0.082381 1.000000
-0.752411 -0.149948 -0.124257 0.000000
0.635737 0.373294 0.028095 3.000000
0.096052 -0.386127 -0.124283 2.000000
-0.244450 -0.086837 0.021023 1.000000
-0.059953 0.436220 -0.124184 1.000000
-0.639518 -0.078039 -0.022042 0.000000
-0.681127 -0.340767 -0.061927 0.000000
0.293367 0.389446 0.051642 2.000000
-0.160059 0.310957 -0.052045 1.000000
0.687548 0.308662 -0.019990 3.000000
-0.652223 -0.327082 -0.029984 0.000000
-0.745355 -0.139761 -0.110353 0.000000
0.004695 0.432343 -0.162284 1.000000
0.088522 -0.060879 -0.133506 2.000000
0.434225 -0.133568 0.203021 2.000000
0.391533 -0.214969 0.143062 2.000000
0.705372 0.423583 -0.010827 3.000000
0.647299 0.198988 0.034175 3.000000
0.338805 0.404552 0.114450 2.000000
-0.119726 -0.177544 -0.078199 1.000000
0.286464 0.363530 0.054195 2.000000
-0.496127 -0.097516 0.095936 0.000000
-0.597220 -0.369644 0.010838 0.000000
0.647273 0.416689 0.032071 3.000000
0.058667 -0.167149 -0.191109 2.000000
-0.145635 -0.493314 -0.046579 1.000000
0.432890 -0.012074 0.209637 2.000000
-0.802988 0.311427 -0.151481 0.000000
0.240672 0.309245 0.006769 2.000000
0.645360 0.438305 0.036235 3.000000
-0.542047 -0.446318 0.053762 0.000000
0.298559 -0.107898 0.063075 2.000000
-0.193739 -0.255316 -0.001251 1.000000
-0.704392 0.304151 -0.069410 0.000000
0.194320 0.414531 -0.043258 2.000000
-0.401049 0.295672 0.146072 1.000000
0.697930 -0.105693 -0.015419 3.000000
0.298559 -0.107898 0.063075 2.000000
-0.193739 -0.255316 -0.001251 1.000000
-0.643114 -0.273955 -0.043165 0.000000
0.449528 0.472580 0.202611 2.000000
-0.053693 0.212793 -0.138359 1.000000
-0.758131 0.218850 -0.121715 0.000000
-0.700056 -0.215011 -0.049927 0.000000
-0.787099 -0.138157 -0.153413 0.000000
-0.393167 -0.092609 0.149352 1.000000
0.252549 0.335162 0.031819 2.000000
0.443745 0.412936 0.197717 2.000000
0.340519 0.187136 0.099973 2.000000
0.237310 0.157272 0.002224 2.000000
-0.547511 0.214625 0.066910 0.000000
-0.255096 -0.026747 0.042340 1.000000
0.700114 0.242817 -0.022011 3.000000
-0.652603 -0.020790 -0.026511 0.000000
0.041260 0.080908 -0.185736 2.000000
-0.156673 0.383221 -0.048882 1.000000
0.484504 -0.261882 0.184054 3.000000
-0.588811 -0.181489 0.002983 0.000000
0.348821 0.147360 0.116742 2.000000
0.844664 0.188121 -0.170324 3.000000
0.492821 0.333006 0.191500 3.000000
-0.288113 -0.127256 0.061718 1.000000
0.735402 -0.264212 -0.063983 3.000000
-0.050537 0.090592 -0.130793 1.000000
0.398873 -0.192389 0.170022 2.000000
-0.792191 -0.430818 -0.163253 0.000000
0.240672 0.309245 0.006769 2.000000
0.396562 -0.393715 0.158747 2.000000
0.442139 0.064875 0.198694 2.000000
0.739399 -0.026515 -0.070548 3.000000
-0.300050 0.291403 0.082166 1.000000
-0.145635 -0.493314 -0.046579 1.000000
-0.780556 -0.153964 -0.160925 0.000000
-0.264691 0.408072 0.029492 1.000000
-0.002986 -0.161457 -0.163909 1.000000
0.492821 0.333006 0.191500 3.000000
-0.105582 0.300582 -0.087963 1.000000
-0.140103 0.383275 -0.035869 1.000000
-0.758660 -0.074417 -0.105307 0.000000
0.696012 0.366500 -0.005072 3.000000
-0.209484 -0.136074 0.005358 1.000000
-0.001817 -0.508505 -0.175222 1.000000
-0.737505 0.150893 -0.111436 0.000000
0.339007 0.095487 0.111901 2.000000
-0.639518 -0.078039 -0.022042 0.000000
-0.243399 -0.357731 0.036933 1.000000
-0.198265 -0.332035 0.000326 1.000000
0.388564 0.143125 0.145564 2.000000
-0.577810 0.092141 0.006122 0.000000
-0.042203 0.039495 -0.130461 1.000000
0.502073 0.242500 0.180455 3.000000
-0.594273 0.452062 -0.005551 0.000000
0.489801 0.016240 0.195306 3.000000
-0.606110 0.422225 0.007225 0.000000
-0.102965 -0.383403 -0.082149 1.000000
-0.545680 0.449992 0.049552 0.000000
0.091962 -0.053520 -0.120338 2.000000
0.529590 0.419910 0.126508 3.000000
-0.064089 -0.057075 -0.135133 1.000000
-0.839399 -0.176681 -0.191578 0.000000
-0.743041 0.057248 -0.099874 0.000000
-0.755577 -0.074374 -0.118657 0.000000
-0.397058 0.408451 0.136113 1.000000
-0.549420 0.390765 0.052185 0.000000
-0.651350 -0.434518 -0.032866 0.000000
0.302276 -0.220821 0.063653 2.000000
0.650441 0.213753 0.022636 3.000000
-0.209466 -0.092248 -0.017145 1.000000
0.247008 0.192282 0.009689 2.000000
0.698975 -0.273137 -0.008575 3.000000
0.387141 -0.372110 0.158457 2.000000
-0.686453 -0.066039 -0.074293 0.000000
-0.792901 0.021789 -0.129523 0.000000
-0.161514 0.028590 -0.052640 1.000000
-0.233670 0.170332 0.037923 1.000000
-0.092455 0.323168 -0.101924 1.000000
0.134070 0.274962 -0.068965 2.000000
-0.541878 -0.085780 0.058484 0.000000
0.332532 -0.360382 0.112888 2.000000
0.436753 0.465065 0.206876 2.000000
0.828131 0.387632 -0.168079 3.000000
0.840288 -0.378724 -0.174559 3.000000
0.490771 -0.085749 0.177826 3.000000
0.632617 -0.499418 0.034947 3.000000
-0.447142 -0.509648 0.141414 0.000000
0.087772 0.378152 -0.132107 2.000000
-0.599847 -0.318291 0.015886 0.000000
0.450276 -0.013438 0.195241 2.000000
0.786059 -0.517206 -0.101352 3.000000
-0.350342 -0.241407 0.126167 1.000000
0.204161 0.196169 -0.047239 2.000000
0.037688 0.085450 -0.172426 2.000000
0.409514 -0.502742 0.170437 2.000000
-0.834420 0.104005 -0.199561 0.000000
-0.500211 -0.299949 0.095713 0.000000
0.442285 -0.417284 0.199941 2.000000
0.787384 0.012024 -0.108968 3.000000
-0.102217 0.024552 -0.084749 1.000000
0.178583 0.330720 -0.037207 2.000000
0.488978 -0.299910 0.182850 3.000000
0.585940 0.079913 0.073543 3.000000
0.309729 -0.415855 0.075322 2.000000
-0.287800 -0.075997 0.073328 1.000000
-0.688968 -0.207951 -0.059276 0.000000
0.038466 0.231875 -0.179574 2.000000
-0.487327 0.222825 0.082430 0.000000
-0.044229 0.117940 -0.134534 1.000000
-0.056333 -0.376829 -0.147269 1.000000
-0.405548 0.464708 0.148115 1.000000
0.342343 0.069469 0.114132 2.000000
-0.682928 -0.096245 -0.079988 0.000000
-0.102217 0.024552 -0.084749 1.000000
-0.186344 -0.146189 -0.004964 1.000000
0.829174 -0.286960 -0.158391 3.000000
-0.696661 -0.233714 -0.054020 0.000000
-0.145471 0.312617 -0.052813 1.000000
-0.836604 -0.126091 -0.191833 0.000000
0.843190 0.388508 -0.150157 3.000000
0.005551 0.104823 -0.170983 1.000000
0.489801 0.016240 0.195306 3.000000
-0.652223 -0.327082 -0.029984 0.000000
-0.154202 0.438162 -0.040926 1.000000
-0.095838 -0.133340 -0.092326 1.000000
-0.151572 0.147802 -0.056582 1.000000
0.037039 -0.499881 -0.179691 2.000000
0.247403 0.354528 0.034123 2.000000
0.577098 0.124507 0.084000 3.000000
0.338805 0.404552 0.114450 2.000000
0.388449 0.340995 0.146859 2.000000
-0.585312 -0.278512 0.022013 0.000000
0.746067 0.129775 -0.057381 3.000000
-0.397689 0.308999 0.147642 1.000000
0.147330 0.236511 -0.087138 2.000000
0.792097 0.150357 -0.097181 3.000000
-0.342816 -0.151126 0.111457 1.000000
-0.102217 0.024552 -0.084749 1.000000
-0.550438 -0.121728 0.060496 0.000000
0.328230 -0.059151 0.100841 2.000000
0.751764 0.155499 -0.060259 3.000000
-0.594004 0.034835 0.041417 0.000000
0.670935 -0.354310 -0.021847 3.000000
0.287628 -0.499669 0.060489 2.000000
0.044906 -0.188561 -0.174307 2.000000
0.527261 -0.405629 0.130889 3.000000
0.239894 0.267649 0.029155 2.000000
0.627601 -0.333180 0.028236 3.000000
0.050379 -0.247165 -0.181699 2.000000
0.590409 -0.176934 0.086680 3.000000
-0.449402 -0.181994 0.143829 0.000000
-0.656276 0.448013 -0.024295 0.000000
-0.488914 0.065728 0.101800 0.000000
-0.159815 0.432664 -0.061176 1.000000
0.057776 0.024091 -0.170437 2.000000
0.343737 -0.377233 0.110551 2.000000
-0.239431 0.394304 0.024924 1.000000
0.146213 0.419705 -0.077543 2.000000
-0.546629 -0.200337 0.044459 0.000000
-0.790656 -0.203674 -0.147537 0.000000
0.644210 -0.438355 0.030712 3.000000
0.193605 -0.228887 -0.056232 2.000000
0.178918 -0.010511 -0.030816 2.000000
-0.194115 0.011287 -0.011424 1.000000
-0.693607 0.363766 -0.071768 0.000000
0.790934 0.152257 -0.111511 3.000000
0.138330 -0.460093 -0.061247 2.000000
-0.298585 0.201543 0.077020 1.000000
-0.646570 -0.184522 -0.026634 0.000000
0.697930 -0.356962 -0.011291 3.000000
-0.692152 0.097257 -0.066993 0.000000
-0.201803 0.378760 -0.018504 1.000000
0.496466 -0.367177 0.178012 3.000000
-0.634923 -0.476540 -0.054034 0.000000
0.837175 -0.423148 -0.137439 3.000000
-0.652603 -0.020790 -0.026511 0.000000
0.829040 0.161457 -0.169041 3.000000
-0.407542 -0.472806 0.143190 1.000000
-0.305348 0.015288 0.071447 1.000000
-0.310799 0.420834 0.087581 1.000000
0.445357 0.052398 0.209978 2.000000
0.712397 -0.028814 -0.053869 3.000000
0.433651 -0.387822 0.198278 2.000000
-0.045948 0.372335 -0.140520 1.000000
-0.104982 -0.442942 -0.086524 1.000000
-0.108932 0.460674 -0.107590 1.000000
-0.407542 -0.472806 0.143190 1.000000
-0.334239 -0.348239 0.111135 1.000000
-0.194066 -0.060811 -0.004782 1.000000
-0.354858 0.340842 0.112495 1.000000
0.183429 0.105557 -0.051010 2.000000
-0.696306 -0.208959 -0.056355 0.000000
0.290176 0.217751 0.075673 2.000000
-0.538728 0.424796 0.050194 0.000000
0.292427 0.162141 0.054997 2.000000
-0.300125 0.331997 0.079832 1.000000
0.088522 -0.060879 -0.133506 2.000000
-0.260283 -0.089864 0.022245 1.000000
-0.514969 -0.237789 0.079034 0.000000
0.344001 0.094674 0.123261 2.000000
0.275252 0.172464 0.066750 2.000000
-0.213679 -0.252570 -0.013614 1.000000
0.248933 -0.412135 -0.002885 2.000000
0.833453 0.011456 -0.163492 3.000000
0.736731 0.303445 -0.055174 3.000000
-0.642400 -0.346394 -0.032027 0.000000
-0.694247 -0.346109 -0.083820 0.000000
0.192184 0.243811 -0.037216 2.000000
-0.546632 0.240360 0.051346 0.000000
-0.492284 0.316992 0.089116 0.000000
0.301192 0.145829 0.055744 2.000000
-0.306832 0.264377 0.067309 1.000000
-0.649658 -0.310501 -0.014671 0.000000
0.196000 -0.268710 -0.029053 2.000000
-0.010627 0.294090 -0.171234 1.000000
0.210331 -0.247974 -0.029434 2.000000
-0.010524 0.291615 -0.176689 1.000000
-0.542703 0.036773 0.054442 0.000000
-0.555335 -0.345472 0.055747 0.000000
0.680373 -0.090637 -0.019581 3.000000
-0.157657 -0.012015 -0.047349 1.000000
0.594991 0.182299 0.088806 3.000000
-0.697724 0.391017 -0.057683 0.000000
0.235840 0.412882 0.011819 2.000000
-0.194115 0.011287 -0.011424 1.000000
0.056182 -0.351218 -0.193325 2.000000
0.041591 -0.293227 -0.165686 2.000000
-0.440472 -0.102569 0.132884 0.000000
-0.208513 -0.443603 0.009155 1.000000
0.291025 -0.306720 0.048971 2.000000
0.588143 -0.372538 0.074937 3.000000
-0.748479 -0.182445 -0.104000 0.000000
-0.241645 -0.338296 0.031573 1.000000
0.634890 0.176518 0.034199 3.000000
0.401652 0.164576 0.151783 2.000000
0.638836 -0.015162 0.029788 3.000000
-0.140862 0.304545 -0.039207 1.000000
0.283648 0.026303 0.065414 2.000000
-0.450218 -0.476504 0.148776 0.000000
-0.401892 0.463601 0.148451 1.000000
0.686248 -0.041619 -0.020183 3.000000
-0.560125 0.397692 0.069766 0.000000
-0.488815 0.460347 0.112792 0.000000
-0.102001 0.080484 -0.085391 1.000000
0.531485 -0.293280 0.129793 3.000000
0.675191 0.354901 -0.021127 3.000000
-0.499842 0.463255 0.091730 0.000000
0.040002 0.229456 -0.173179 2.000000
-0.604974 -0.216776 0.011986 0.000000
0.003969 0.324038 -0.167980 1.000000
0.694566 0.325766 -0.018450 3.000000
-0.748630 0.447261 -0.103038 0.000000
0.502972 -0.418363 0.165709 3.000000
0.835859 0.457627 -0.174282 3.000000
-0.208130 -0.217604 -0.004888 1.000000
-0.152829 -0.426978 -0.041589 1.000000
-0.104028 0.275899 -0.088442 1.000000
0.245383 0.201407 0.015615 2.000000
-0.808938 0.266580 -0.152853 0.000000
0.686248 -0.041619 -0.020183 3.000000
-0.652975 0.178552 -0.037432 0.000000
0.541847 -0.058796 0.131619 3.000000
0.147330 0.236511 -0.087138 2.000000
0.833158 -0.462981 -0.157099 3.000000
-0.255447 -0.009966 0.040777 1.000000
-0.695267 -0.357227 -0.065643 0.000000
-0.697247 0.258713 -0.050911 0.000000
-0.542527 0.186271 0.069901 0.000000
0.141391 -0.064290 -0.094022 2.000000
0.498231 -0.496820 0.189088 3.000000
0.178918 -0.010511 -0.030816 2.000000
-0.166603 0.163156 -0.050834 1.000000
0.003969 0.324038 -0.167980 1.000000
-0.560125 0.397692 0.069766 0.000000
-0.165666 0.157794 -0.054544 1.000000
-0.699600 0.345786 -0.070160 0.000000
-0.487609 -0.316038 0.086951 0.000000
-0.195410 0.469483 -0.006188 1.000000
-0.359265 0.083773 0.096233 1.000000
0.294486 0.374270 0.069305 2.000000
0.234223 0.260448 0.022161 2.000000
0.486125 0.427815 0.178221 3.000000
0.043084 -0.094201 -0.181479 2.000000
0.550817 -0.243896 0.136360 3.000000
-0.405527 -0.109185 0.148265 1.000000
0.290163 0.193103 0.051708 2.000000
-0.101914 -0.121897 -0.091504 1.000000
0.744492 0.307325 -0.062620 3.000000
-0.842964 -0.187823 -0.184843 0.000000
0.530282 0.223061 0.128763 3.000000
-0.681028 0.203567 -0.079931 0.000000
-0.802247 0.264047 -0.155886 0.000000
0.831697 -0.180518 -0.164879 3.000000
-0.790880 -0.151375 -0.147657 0.000000
0.229688 0.287011 0.005492 2.000000
-0.783194 0.288285 -0.152919 0.000000
0.400855 0.290702 0.147360 2.000000
-0.247311 0.453227 0.043230 1.000000
-0.190323 -0.475472 0.003745 1.000000
0.839533 -0.404864 -0.163655 3.000000
0.438927 -0.510722 0.218448 2.000000
0.401652 0.164576 0.151783 2.000000
-0.502875 -0.204875 0.097957 0.000000
-0.452246 0.173215 0.131904 0.000000
-0.444513 -0.346457 0.134631 0.000000
-0.141427 0.179774 -0.066130 1.000000
0.577098 0.124507 0.084000 3.000000
0.796167 -0.168445 -0.111902 3.000000
-0.443268 -0.391445 0.132400 0.000000
0.554654 0.029907 0.125474 3.000000
0.445646 0.170682 0.201986 2.000000
-0.255867 0.150688 0.043352 1.000000
-0.188515 0.318548 -0.018696 1.000000
0.772049 0.388943 -0.115254 3.000000
0.697930 -0.105693 -0.015419 3.000000
0.488247 -0.487361 0.177649 3.000000
0.691662 0.409828 -0.022790 3.000000
-0.000228 -0.166977 -0.169192 1.000000
0.443942 0.093850 0.205156 2.000000
0.403848 0.054326 0.161448 2.000000
0.484816 -0.217867 0.162939 3.000000
0.051463 -0.461158 -0.179337 2.000000
-0.090852 0.324370 -0.094181 1.000000
-0.006458 -0.244823 -0.172857 1.000000
-0.208130 -0.217604 -0.004888 1.000000
-0.594273 0.452062 -0.005551 0.000000
-0.697247 0.258713 -0.050911 0.000000
0.691717 0.012913 -0.015908 3.000000
0.500752 -0.450120 0.177139 3.000000
0.147330 0.236511 -0.087138 2.000000
-0.148532 -0.069394 -0.062188 1.000000
0.151461 0.252659 -0.094158 2.000000
-0.539607 -0.053268 0.052036 0.000000
-0.598511 0.239003 0.015893 0.000000
-0.495394 -0.257663 0.103270 0.000000
0.092822 -0.165370 -0.129366 2.000000
0.780626 -0.498959 -0.125306 3.000000
0.400150 0.342109 0.166101 2.000000
-0.647682 -0.389555 -0.029998 0.000000
-0.600493 -0.422189 0.015143 0.000000
-0.152865 0.285741 -0.058357 1.000000
0.625472 0.085577 0.030576 3.000000
-0.156673 0.383221 -0.048882 1.000000
0.639390 0.453119 0.008938 3.000000
-0.351628 -0.202404 0.099830 1.000000
-0.592260 0.105194 0.004318 0.000000
0.296224 -0.342009 0.059081 2.000000
-0.201317 -0.266501 -0.005732 1.000000
0.245571 -0.171005 0.014437 2.000000
-0.694247 -0.346109 -0.083820 0.000000
0.625472 0.085577 0.030576 3.000000
-0.241173 0.056089 0.027679 1.000000
0.002619 -0.008465 -0.170908 1.000000
0.056603 -0.507945 -0.171296 2.000000
-0.607076 -0.198461 0.008325 0.000000
0.038466 0.231875 -0.179574 2.000000
0.448228 0.258130 0.207913 2.000000
-0.239654 0.017961 0.031530 1.000000
-0.752411 -0.149948 -0.124257 0.000000
0.086394 0.113475 -0.123641 2.000000
0.789137 -0.262948 -0.099906 3.000000
-0.305348 0.015288 0.071447 1.000000
0.247676 -0.005442 0.012042 2.000000
-0.487019 -0.182278 0.088188 0.000000
-0.786123 0.314338 -0.153444 0.000000
0.241299 -0.326660 0.011477 2.000000
0.436099 0.285518 0.213867 2.000000
-0.302173 -0.098762 0.062177 1.000000
0.240930 0.012614 0.026844 2.000000
0.602177 -0.053150 0.104570 3.000000
0.004695 0.432343 -0.162284 1.000000
0.584708 -0.018966 0.091481 3.000000
-0.829029 0.194786 -0.196547 0.000000
-0.396958 0.123239 0.161189 1.000000
0.835800 0.381808 -0.165425 3.000000
0.386224 -0.288100 0.141817 2.000000
-0.432972 -0.224189 0.151061 0.000000
0.092015 0.312499 -0.137033 2.000000
0.627103 0.127062 0.023445 3.000000
-0.158637 0.114651 -0.054372 1.000000
0.536834 -0.014545 0.121340 3.000000
0.531485 -0.293280 0.129793 3.000000
0.536834 -0.014545 0.121340 3.000000
-0.550981 -0.175917 0.061763 0.000000
-0.041984 0.178140 -0.127558 1.000000
-0.458491 -0.302247 0.130353 0.000000
-0.495478 0.389917 0.090226 0.000000
-0.264961 -0.332113 0.032577 1.000000
0.088329 -0.473036 -0.122345 2.000000
-0.532925 0.068151 0.030211 0.000000
0.588555 -0.022843 0.086290 3.000000
-0.153384 0.092169 -0.065274 1.000000
-0.785211 0.396892 -0.154177 0.000000
-0.745355 -0.139761 -0.110353 0.000000
0.443479 -0.325471 0.206930 2.000000
-0.242517 0.238524 0.027708 1.000000
-0.135554 -0.071017 -0.041081 1.000000
-0.794174 0.433225 -0.155101 0.000000
-0.054343 -0.077485 -0.134138 1.000000
-0.193640 -0.509131 -0.011079 1.000000
-0.253544 0.296343 0.029374 1.000000
-0.053693 0.212793 -0.138359 1.000000
0.780553 0.318635 -0.119158 3.000000
0.835302 0.110040 -0.173543 3.000000
-0.802247 0.264047 -0.155886 0.000000
-0.099937 0.183747 -0.098218 1.000000
0.436753 0.465065 0.206876 2.000000
0.500084 0.437482 0.184390 3.000000
0.287628 -0.499669 0.060489 2.000000
-0.859513 -0.257475 -0.191304 0.000000
-0.055757 0.005947 -0.135291 1.000000
0.388207 0.219492 0.167126 2.000000
0.194320 0.414531 -0.043258 2.000000
-0.152829 -0.426978 -0.041589 1.000000
-0.299657 -0.164192 0.066755 1.000000
-0.740001 -0.446193 -0.107837 0.000000
0.243992 0.033622 0.013185 2.000000
-0.604974 -0.216776 0.011986 0.000000
-0.641814 -0.328922 -0.023937 0.000000
0.388564 0.143125 0.145564 2.000000
-0.683145 0.186736 -0.056921 0.000000
-0.352519 -0.180776 0.122854 1.000000
-0.008556 0.208119 -0.174114 1.000000
-0.135128 -0.086670 -0.046607 1.000000
0.058667 -0.167149 -0.191109 2.000000
0.237310 0.157272 0.002224 2.000000
0.637298 -0.081315 0.034867 3.000000
0.434392 0.303111 0.197465 2.000000
0.178918 -0.010511 -0.030816 2.000000
-0.102708 -0.426259 -0.083421 1.000000
0.446923 0.080750 0.215724 2.000000
-0.794583 0.002225 -0.148831 0.000000
-0.190323 -0.475472 0.003745 1.000000
-0.447130 0.310322 0.139754 0.000000
0.430427 0.133819 0.209000 2.000000
0.492584 0.472359 0.190445 3.000000
0.502972 -0.418363 0.165709 3.000000
-0.796071 0.184410 -0.135852 0.000000
0.088522 -0.060879 -0.133506 2.000000
0.500079 0.421976 0.187212 3.000000
0.304145 -0.029482 0.056417 2.000000
-0.542047 -0.446318 0.053762 0.000000
-0.350754 -0.219591 0.119753 1.000000
0.056812 0.381686 -0.197309 2.000000
0.340575 -0.322831 0.102593 2.000000
-0.258872 -0.186591 0.045216 1.000000
-0.656788 0.163528 -0.030882 0.000000
-0.605870 -0.341311 0.024320 0.000000
0.647299 0.198988 0.034175 3.000000
-0.306832 0.264377 0.067309 1.000000
0.448228 0.258130 0.207913 2.000000
-0.258872 -0.186591 0.045216 1.000000
0.736872 0.371872 -0.050401 3.000000
0.697642 -0.416497 -0.025987 3.000000
-0.102708 -0.426259 -0.083421 1.000000
0.449888 -0.495738 0.211179 2.000000
-0.092455 0.323168 -0.101924 1.000000
0.001376 -0.208496 -0.169560 1.000000
0.151289 0.323371 -0.076252 2.000000
0.097874 0.429780 -0.136685 2.000000
0.293367 0.389446 0.051642 2.000000
-0.208433 -0.375096 -0.005314 1.000000
-0.197689 0.294184 -0.001157 1.000000
-0.252192 0.286560 0.026132 1.000000
0.448285 0.173104 0.204928 2.000000
0.843051 0.216357 -0.156234 3.000000
0.488978 -0.299910 0.182850 3.000000
-0.000228 -0.166977 -0.169192 1.000000
-0.511776 -0.313085 0.103209 0.000000
-0.311320 -0.075869 0.075874 1.000000
-0.307582 -0.347402 0.091448 1.000000
0.158270 -0.152802 -0.071616 2.000000
0.489801 0.016240 0.195306 3.000000
0.834808 0.421019 -0.159757 3.000000
0.231110 0.044181 0.008684 2.000000
-0.757612 -0.502947 -0.123926 0.000000
-0.412329 0.275859 0.138132 1.000000
0.780553 0.318635 -0.119158 3.000000
0.835800 0.381808 -0.165425 3.000000
0.801920 0.268971 -0.101200 3.000000
-0.149308 -0.502279 -0.047015 1.000000
0.293353 -0.071544 0.064646 2.000000
-0.065622 -0.042881 -0.133000 1.000000
-0.106682 0.089619 -0.105787 1.000000
-0.135128 -0.086670 -0.046607 1.000000
0.570688 -0.366268 0.094636 3.000000
-0.843114 -0.003044 -0.184546 0.000000
-0.202875 -0.229879 -0.010049 1.000000
0.535516 0.215135 0.136522 3.000000
0.411569 0.149520 0.151571 2.000000
-0.253544 0.296343 0.029374 1.000000
0.591968 -0.128727 0.074177 3.000000
0.285331 0.384749 0.064390 2.000000
-0.545134 -0.017517 0.052878 0.000000
0.380373 0.276488 0.154012 2.000000
-0.095838 -0.133340 -0.092326 1.000000
0.091922 0.417194 -0.121000 2.000000
0.348971 0.382953 0.112268 2.000000
-0.808938 0.266580 -0.152853 0.000000
-0.261613 0.310047 0.013361 1.000000
0.838306 -0.430138 -0.155677 3.000000
-0.635711 -0.145580 -0.036990 0.000000
-0.346660 0.210520 0.118571 1.000000
0.488247 -0.487361 0.177649 3.000000
-0.294861 -0.263239 0.075691 1.000000
-0.790844 -0.137300 -0.142353 0.000000
-0.251080 0.389637 0.034039 1.000000
-0.387584 -0.184353 0.131928 1.000000
-0.148532 -0.069394 -0.062188 1.000000
-0.654813 -0.359748 -0.013637 0.000000
0.204161 0.196169 -0.047239 2.000000
-0.153384 0.092169 -0.065274 1.000000
-0.255096 -0.026747 0.042340 1.000000
0.395243 0.344756 0.159920 2.000000
0.832588 0.285196 -0.155332 3.000000
-0.748390 -0.240454 -0.094804 0.000000
0.292427 0.162141 0.054997 2.000000
-0.784687 -0.215768 -0.160177 0.000000
0.447304 -0.218839 0.206515 2.000000
-0.433710 0.413435 0.149074 0.000000
0.042987 0.058938 -0.187885 2.000000
-0.686453 -0.066039 -0.074293 0.000000
-0.251738 0.089642 0.036995 1.000000
0.434352 -0.435301 0.221834 2.000000
-0.352519 -0.180776 0.122854 1.000000
0.734340 0.245464 -0.067826 3.000000
-0.600735 -0.172105 0.009552 0.000000
-0.245203 0.289063 0.025263 1.000000
0.248569 -0.430272 0.007871 2.000000
-0.044688 -0.114035 -0.123650 1.000000
0.631817 0.457965 0.016725 3.000000
-0.655199 -0.450778 -0.033816 0.000000
-0.049740 -0.431976 -0.129441 1.000000
-0.545680 0.449992 0.049552 0.000000
0.237735 0.464877 -0.000249 2.000000
-0.248389 -0.165202 0.045442 1.000000
0.098142 0.395633 -0.125660 2.000000
0.139367 -0.002595 -0.094859 2.000000
-0.300686 0.043283 0.085282 1.000000
0.682883 0.154189 -0.014265 3.000000
0.722248 0.359371 -0.059402 3.000000
0.594991 0.182299 0.088806 3.000000
-0.536579 0.009782 0.057459 0.000000
-0.500087 -0.176048 0.093738 0.000000
0.406439 0.416454 0.164340 2.000000
0.359970 0.418050 0.109508 2.000000
-0.103908 -0.510939 -0.101869 1.000000
-0.830586 0.336239 -0.189827 0.000000
0.537848 0.216880 0.135894 3.000000
-0.135554 -0.071017 -0.041081 1.000000
0.840888 -0.018081 -0.161536 3.000000
-0.751211 -0.081548 -0.116298 0.000000
-0.555042 -0.341106 0.040385 0.000000
-0.256373 -0.061650 0.016653 1.000000
-0.790844 -0.137300 -0.142353 0.000000
0.095702 -0.397947 -0.122837 2.000000
0.642266 0.112600 0.037448 3.000000
0.388409 -0.160919 0.147830 2.000000
0.288870 0.382875 0.064234 2.000000
-0.000567 -0.385044 -0.169133 1.000000
-0.647682 -0.389555 -0.029998 0.000000
0.840867 0.101350 -0.157769 3.000000
0.183429 0.105557 -0.051010 2.000000
-0.334495 -0.412192 0.115587 1.000000
0.332701 -0.313590 0.099602 2.000000
-0.099055 -0.299644 -0.096158 1.000000
0.795777 0.070572 -0.115269 3.000000
0.035100 0.089865 -0.182799 2.000000
0.190081 -0.147346 -0.042314 2.000000
0.753891 -0.043111 -0.065639 3.000000
0.293353 -0.071544 0.064646 2.000000
0.010124 0.149243 -0.177752 1.000000
-0.055757 0.005947 -0.135291 1.000000
-0.757612 -0.502947 -0.123926 0.000000
-0.484736 -0.234099 0.104761 0.000000
0.502972 -0.418363 0.165709 3.000000
-0.609461 -0.441743 0.014520 0.000000
0.248717 0.089226 0.010459 2.000000
0.585940 0.079913 0.073543 3.000000
-0.106082 0.131565 -0.080599 1.000000
-0.396958 0.123239 0.161189 1.000000
-0.631079 -0.046427 -0.020211 0.000000
0.601326 -0.291039 0.090699 3.000000
0.560237 0.089691 0.137399 3.000000
-0.199167 0.345417 0.002830 1.000000
-0.355952 0.306008 0.113620 1.000000
0.039195 0.376506 -0.178607 2.000000
0.290176 0.217751 0.075673 2.000000
0.078569 0.032508 -0.134421 2.000000
0.741913 0.202488 -0.064675 3.000000
-0.358178 0.466330 0.121272 1.000000
-0.444513 -0.346457 0.134631 0.000000
-0.792822 0.083466 -0.150041 0.000000
-0.499903 0.257044 0.100435 0.000000
-0.241438 0.019078 0.036025 1.000000
-0.829029 0.194786 -0.196547 0.000000
0.183573 -0.443421 -0.036262 2.000000
-0.446848 -0.500850 0.131318 0.000000
0.749203 0.097429 -0.063422 3.000000
0.487076 0.015854 0.179230 3.000000
-0.729742 0.186435 -0.123598 0.000000
-0.391689 0.379161 0.151583 1.000000
0.493395 0.306603 0.168530 3.000000
0.243373 -0.377809 0.016281 2.000000
-0.146888 -0.144981 -0.042838 1.000000
0.778835 -0.046610 -0.113978 3.000000
-0.487609 -0.316038 0.086951 0.000000
-0.754245 0.199651 -0.116848 0.000000
0.544483 -0.026425 0.117725 3.000000
-0.341854 -0.128810 0.123644 1.000000
-0.047855 0.000574 -0.132662 1.000000
0.692567 0.142610 -0.019736 3.000000
0.829174 -0.286960 -0.158391 3.000000
0.160576 -0.029367 -0.086581 2.000000
0.789845 -0.391091 -0.112074 3.000000
0.146213 0.419705 -0.077543 2.000000
0.540801 -0.124904 0.133385 3.000000
-0.740001 -0.446193 -0.107837 0.000000
0.487076 0.015854 0.179230 3.000000
0.602851 0.076302 0.078233 3.000000
-0.596748 -0.443306 0.002924 0.000000
-0.654416 -0.308482 -0.027673 0.000000
-0.688134 -0.242916 -0.082196 0.000000
0.176242 0.261315 -0.033361 2.000000
-0.747963 0.201738 -0.112694 0.000000
0.283112 0.334179 0.076055 2.000000
0.152392 -0.206873 -0.077301 2.000000
-0.001817 -0.508505 -0.175222 1.000000
-0.258872 -0.186591 0.045216 1.000000
0.126563 -0.469268 -0.075151 2.000000
0.245571 -0.171005 0.014437 2.000000
0.247676 -0.005442 0.012042 2.000000
0.488545 0.261414 0.167771 3.000000
0.433651 -0.387822 0.198278 2.000000
0.247008 0.192282 0.009689 2.000000
-0.391521 0.127344 0.152237 1.000000
0.630242 -0.388868 0.028105 3.000000
0.459855 -0.144150 0.213537 2.000000
0.294150 -0.456284 0.055194 2.000000
0.570688 -0.366268 0.094636 3.000000
0.570688 -0.366268 0.094636 3.000000
-0.449775 -0.405115 0.124568 0.000000
0.636230 -0.366199 0.037253 3.000000
-0.054433 0.448426 -0.131169 1.000000
0.570688 -0.366268 0.094636 3.000000
-0.404062 -0.118944 0.131088 1.000000
0.447194 -0.464473 0.209129 2.000000
-0.737505 0.150893 -0.111436 0.000000
-0.398674 0.042234 0.138410 1.000000
-0.307582 -0.347402 0.091448 1.000000
0.135361 -0.408461 -0.096476 2.000000
0.349763 0.109774 0.104406 2.000000
0.251421 -0.337682 0.009482 2.000000
-0.152693 0.346826 -0.061078 1.000000
-0.513128 -0.141588 0.080203 0.000000
-0.297466 0.044353 0.077156 1.000000
-0.746281 0.172347 -0.128433 0.000000
0.389713 -0.464266 0.155953 2.000000
-0.697836 0.236986 -0.073706 0.000000
-0.059953 0.436220 -0.124184 1.000000
0.411569 0.149520 0.151571 2.000000
0.747678 -0.191754 -0.062514 3.000000
0.095702 -0.397947 -0.122837 2.000000
0.384372 -0.247313 0.170603 2.000000
-0.643114 -0.273955 -0.043165 0.000000
0.298683 -0.295238 0.043902 2.000000
0.597971 -0.148089 0.085150 3.000000
0.398130 0.038209 0.154825 2.000000
-0.086932 0.148935 -0.106419 1.000000
-0.006440 -0.151168 -0.183958 1.000000
0.736468 -0.208155 -0.072784 3.000000
0.547492 -0.072961 0.134036 3.000000
-0.347264 -0.420019 0.103286 1.000000
0.785851 -0.329526 -0.117606 3.000000
-0.006921 -0.481150 -0.156608 1.000000
-0.071545 0.453848 -0.137059 1.000000
-0.509249 0.231499 0.092989 0.000000
0.449888 -0.495738 0.211179 2.000000
0.536581 -0.189069 0.132266 3.000000
-0.391689 0.379161 0.151583 1.000000
-0.251510 0.300170 0.048143 1.000000
-0.839205 0.404256 -0.177101 0.000000
0.489206 0.371371 0.183034 3.000000
0.188964 0.355618 -0.038559 2.000000
-0.055171 0.264280 -0.142765 1.000000
-0.491808 -0.498889 0.104060 0.000000
-0.486582 0.208434 0.095594 0.000000
-0.104169 -0.006825 -0.104026 1.000000
-0.580789 -0.422882 0.015950 0.000000
-0.844046 -0.413240 -0.202575 0.000000
0.790083 -0.247118 -0.126262 3.000000
-0.748231 0.333050 -0.104444 0.000000
-0.549672 0.354634 0.047499 0.000000
-0.255447 -0.009966 0.040777 1.000000
-0.343185 0.460053 0.103310 1.000000
-0.098100 -0.447002 -0.088155 1.000000
0.234223 0.260448 0.022161 2.000000
0.288816 -0.419979 0.072430 2.000000
-0.107065 0.095945 -0.086700 1.000000
-0.010627 0.294090 -0.171234 1.000000
0.092822 -0.165370 -0.129366 2.000000
0.443253 -0.291838 0.214912 2.000000
-0.549420 0.390765 0.052185 0.000000
0.206860 0.465094 -0.033267 2.000000
0.837733 -0.246090 -0.166320 3.000000
-0.405548 0.464708 0.148115 1.000000
0.830468 0.312474 -0.156263 3.000000
0.044088 -0.028466 -0.181671 2.000000
0.795431 0.253162 -0.089616 3.000000
0.518214 -0.116976 0.185610 3.000000
0.482749 -0.036361 0.174807 3.000000
-0.652975 0.178552 -0.037432 0.000000
-0.401671 0.365750 0.153041 1.000000
-0.251805 0.267208 0.031276 1.000000
0.377443 0.268442 0.174344 2.000000
-0.056645 0.271620 -0.120939 1.000000
-0.705821 -0.228302 -0.070875 0.000000
0.820760 0.276262 -0.164029 3.000000
0.050095 0.016788 -0.191792 2.000000
-0.298013 -0.158822 0.075031 1.000000
-0.604076 0.358795 0.018554 0.000000
-0.337958 0.238524 0.123548 1.000000
-0.438060 0.057942 0.141943 0.000000
-0.361284 -0.036885 0.116506 1.000000
0.838203 -0.375312 -0.168324 3.000000
-0.783095 0.018116 -0.148974 0.000000
-0.504598 0.255823 0.089013 0.000000
0.649164 0.400304 0.029664 3.000000
-0.263398 0.222445 0.026483 1.000000
0.346921 0.204320 0.109832 2.000000
0.346054 0.401667 0.104704 2.000000
0.286432 0.093503 0.057346 2.000000
-0.783250 0.402930 -0.159578 0.000000
0.833383 -0.392988 -0.160318 3.000000
0.496414 0.164188 0.174701 3.000000
-0.256024 -0.148041 0.050720 1.000000
-0.140531 0.419518 -0.048347 1.000000
0.542919 -0.431981 0.138781 3.000000
0.142219 0.088017 -0.087417 2.000000
0.243966 0.221360 0.015576 2.000000
-0.059455 0.310960 -0.136882 1.000000
0.042987 0.058938 -0.187885 2.000000
0.797103 -0.479673 -0.105365 3.000000
-0.407833 -0.358377 0.162955 1.000000
0.338262 -0.495047 0.104580 2.000000
-0.152924 -0.015999 -0.060624 1.000000
-0.649328 -0.485370 -0.022567 0.000000
-0.655199 -0.450778 -0.033816 0.000000
0.542828 0.124681 0.110333 3.000000
0.577098 0.124507 0.084000 3.000000
-0.835099 0.421822 -0.185953 0.000000
0.792123 -0.240467 -0.123570 3.000000
0.293389 -0.175528 0.057667 2.000000
0.328561 0.340959 0.137354 2.000000
0.757879 0.370891 -0.060137 3.000000
0.595032 -0.213781 0.069052 3.000000
0.548889 -0.285175 0.131619 3.000000
0.845263 0.389002 -0.159940 3.000000
0.825852 -0.514019 -0.172831 3.000000
-0.308219 -0.497457 0.090045 1.000000
0.482749 -0.036361 0.174807 3.000000
-0.451304 0.214126 0.133383 0.000000
-0.597440 0.140734 0.014454 0.000000
-0.112882 0.310137 -0.092416 1.000000
0.457471 0.353752 0.209867 2.000000
0.439713 -0.404929 0.202259 2.000000
-0.348426 0.130744 0.129489 1.000000
-0.702076 0.164057 -0.070936 0.000000
0.090743 0.264391 -0.131562 2.000000
0.286464 0.363530 0.054195 2.000000
-0.461999 -0.366851 0.130032 0.000000
-0.117829 0.340146 -0.087669 1.000000
-0.802247 0.264047 -0.155886 0.000000
0.495459 -0.390374 0.182660 3.000000
-0.752918 0.272935 -0.111960 0.000000
-0.851889 0.101957 -0.188007 0.000000
0.151712 -0.326775 -0.081347 2.000000
0.488834 -0.114132 0.171379 3.000000
-0.686908 0.217735 -0.072995 0.000000
-0.253544 0.296343 0.029374 1.000000
-0.506068 -0.286184 0.095304 0.000000
0.430427 0.133819 0.209000 2.000000
-0.453556 -0.192689 0.144623 0.000000
0.585455 -0.175305 0.085328 3.000000
-0.360360 0.191791 0.105069 1.000000
-0.296342 -0.278296 0.080436 1.000000
-0.104879 -0.258118 -0.086456 1.000000
-0.098178 -0.366462 -0.090626 1.000000
-0.830240 -0.197667 -0.188767 0.000000
0.530945 0.448044 0.124014 3.000000
0.240432 -0.252316 0.009942 2.000000
-0.399494 -0.079765 0.142522 1.000000
0.785399 -0.232945 -0.114457 3.000000
-0.243399 -0.357731 0.036933 1.000000
-0.636620 0.175234 -0.030906 0.000000
0.794909 0.175692 -0.098628 3.000000
0.102572 0.470985 -0.139652 2.000000
0.692053 -0.030446 -0.019435 3.000000
-0.251510 0.300170 0.048143 1.000000
0.433651 -0.387822 0.198278 2.000000
0.759360 0.324755 -0.057601 3.000000
-0.193621 -0.428708 0.000851 1.000000
0.588864 0.134812 0.078969 3.000000
-0.649658 -0.310501 -0.014671 0.000000
-0.341854 -0.128810 0.123644 1.000000
0.392871 0.374764 0.168013 2.000000
0.688682 -0.096994 -0.005206 3.000000
-0.398427 -0.016859 0.137154 1.000000
-0.546032 -0.422368 0.058771 0.000000
0.142400 0.182847 -0.096316 2.000000
0.647299 0.198988 0.034175 3.000000
0.344001 0.094674 0.123261 2.000000
0.142400 0.182847 -0.096316 2.000000
-0.783027 -0.006698 -0.156636 0.000000
0.243992 0.033622 0.013185 2.000000
-0.147660 -0.268564 -0.065103 1.000000
0.388207 0.219492 0.167126 2.000000
0.346921 0.204320 0.109832 2.000000
0.558183 0.046767 0.128107 3.000000
0.035100 0.089865 -0.182799 2.000000
-0.834420 0.104005 -0.199561 0.000000
0.098201 0.133420 -0.150559 2.000000
-0.497870 -0.364852 0.096141 0.000000
0.400855 0.290702 0.147360 2.000000
0.227858 -0.467960 -0.005363 2.000000
0.402557 0.386084 0.154456 2.000000
0.347502 0.363760 0.112646 2.000000
-0.090852 0.324370 -0.094181 1.000000
0.247403 0.354528 0.034123 2.000000
-0.205575 0.156301 -0.019435 1.000000
0.102330 0.133653 -0.130019 2.000000
0.476740 -0.164678 0.181498 3.000000
0.476740 -0.164678 0.181498 3.000000
-0.444212 0.132740 0.136818 0.000000
0.502073 0.242500 0.180455 3.000000
-0.306987 -0.395014 0.078042 1.000000
0.395203 0.388375 0.157667 2.000000
0.632492 -0.360928 0.030120 3.000000
-0.539607 -0.053268 0.052036 0.000000
0.383278 0.449156 0.155230 2.000000
0.730399 -0.292504 -0.070722 3.000000
0.705372 0.423583 -0.010827 3.000000
0.712397 -0.028814 -0.053869 3.000000
0.284144 0.063505 0.049375 2.000000
0.245571 -0.171005 0.014437 2.000000
-0.511776 -0.313085 0.103209 0.000000
-0.787099 -0.138157 -0.153413 0.000000
-0.755244 -0.021484 -0.118602 0.000000
-0.453556 -0.192689 0.144623 0.000000
0.443942 0.093850 0.205156 2.000000
-0.450340 -0.007123 0.147010 0.000000
-0.264961 -0.332113 0.032577 1.000000
-0.598511 0.239003 0.015893 0.000000
0.843190 0.271122 -0.170870 3.000000
-0.255867 0.150688 0.043352 1.000000
-0.212821 -0.004870 -0.010594 1.000000
-0.785630 0.093166 -0.149193 0.000000
0.844036 -0.406281 -0.173233 3.000000
0.108339 -0.419031 -0.115074 2.000000
0.736872 0.371872 -0.050401 3.000000
0.486125 0.427815 0.178221 3.000000
-0.587691 0.192200 0.007469 0.000000
-0.153384 0.092169 -0.065274 1.000000
-0.253544 0.296343 0.029374 1.000000
-0.395923 0.290197 0.141696 1.000000
0.787433 0.148023 -0.109502 3.000000
-0.244450 -0.086837 0.021023 1.000000
-0.340773 0.390431 0.105033 1.000000
-0.695831 0.367990 -0.068589 0.000000
-0.549171 0.248606 0.050113 0.000000
0.810330 -0.519522 -0.095143 3.000000
0.550817 -0.243896 0.136360 3.000000
-0.387106 -0.199512 0.152846 1.000000
-0.202408 -0.326919 -0.004808 1.000000
0.153620 0.350228 -0.083983 2.000000
0.773825 0.215363 -0.113922 3.000000
-0.070510 -0.443730 -0.132208 1.000000
-0.256373 -0.061650 0.016653 1.000000
0.595022 0.101527 0.073564 3.000000
0.820755 -0.022121 -0.157852 3.000000
0.199729 -0.380548 -0.025289 2.000000
-0.682928 -0.096245 -0.079988 0.000000
-0.783250 0.402930 -0.159578 0.000000
0.037688 0.085450 -0.172426 2.000000
-0.194226 -0.438750 -0.003085 1.000000
-0.748231 0.333050 -0.104444 0.000000
0.732062 0.289186 -0.071853 3.000000
0.434732 0.176701 0.214384 2.000000
0.547508 -0.498877 0.124677 3.000000
-0.552510 -0.383598 0.057466 0.000000
-0.342349 0.319860 0.123522 1.000000
0.482552 -0.378850 0.178419 3.000000
-0.859513 -0.257475 -0.191304 0.000000
-0.537093 -0.271242 0.050904 0.000000
0.411569 0.149520 0.151571 2.000000
-0.745355 -0.139761 -0.110353 0.000000
-0.008236 -0.017794 -0.173515 1.000000
-0.296158 0.186202 0.065810 1.000000
0.530945 0.448044 0.124014 3.000000
-0.047805 0.265611 -0.126526 1.000000
-0.444675 -0.219038 0.138998 0.000000
-0.737142 0.012640 -0.117135 0.000000
0.237310 0.157272 0.002224 2.000000
-0.065622 -0.042881 -0.133000 1.000000
-0.639518 -0.078039 -0.022042 0.000000
0.729830 -0.478141 -0.044925 3.000000
0.388449 0.340995 0.146859 2.000000
0.535944 0.344985 0.122812 3.000000
-0.688324 -0.054813 -0.071839 0.000000
-0.593436 0.414752 0.011379 0.000000
0.385350 -0.068353 0.151453 2.000000
-0.302584 -0.140727 0.073188 1.000000
-0.387584 -0.184353 0.131928 1.000000
-0.205405 0.151559 -0.000175 1.000000
-0.001585 0.230079 -0.171554 1.000000
0.050074 0.429561 -0.177742 2.000000
-0.098986 0.108940 -0.098193 1.000000
0.003969 0.324038 -0.167980 1.000000
0.547607 0.270767 0.131577 3.000000
-0.254245 -0.067506 0.026424 1.000000
0.500084 0.437482 0.184390 3.000000
0.840450 0.052731 -0.161139 3.000000
0.251524 -0.287860 0.025829 2.000000
0.050379 -0.247165 -0.181699 2.000000
-0.150873 0.349000 -0.071750 1.000000
0.287979 -0.115632 0.058187 2.000000
-0.599645 0.272808 0.021585 0.000000
0.488521 -0.003307 0.186565 3.000000
-0.296158 0.186202 0.065810 1.000000
-0.199167 0.345417 0.002830 1.000000
-0.000127 0.468044 -0.162542 1.000000
0.700114 0.242817 -0.022011 3.000000
0.344681 0.343692 0.102706 2.000000
-0.299711 0.417465 0.080537 1.000000
-0.002527 0.239929 -0.166553 1.000000
0.208671 -0.202362 -0.034684 2.000000
0.440904 -0.239500 0.217268 2.000000
-0.415712 -0.143617 0.148373 1.000000
0.536005 0.128885 0.130162 3.000000
-0.049364 -0.224013 -0.132196 1.000000
0.638421 -0.299543 0.036849 3.000000
-0.334495 -0.412192 0.115587 1.000000
0.587484 -0.203787 0.099776 3.000000
0.643615 0.260539 0.031053 3.000000
-0.708480 0.450970 -0.059677 0.000000
-0.444316 -0.010718 0.131650 0.000000
0.011798 -0.463079 -0.165758 1.000000
0.045985 0.319203 -0.196335 2.000000
-0.098726 0.170282 -0.095075 1.000000
-0.342816 -0.151126 0.111457 1.000000
-0.000743 -0.472740 -0.179440 1.000000
-0.011234 0.048702 -0.175389 1.000000
-0.500211 -0.299949 0.095713 0.000000
-0.456215 -0.001546 0.140255 0.000000
-0.444704 0.278438 0.140577 0.000000
0.436099 0.285518 0.213867 2.000000
0.642524 0.058871 0.035433 3.000000
0.301860 0.305349 0.054209 2.000000
0.518214 -0.116976 0.185610 3.000000
-0.595603 -0.016012 0.009822 0.000000
-0.838295 0.047167 -0.198589 0.000000
-0.656788 0.163528 -0.030882 0.000000
-0.347093 0.361101 0.115655 1.000000
-0.412329 0.275859 0.138132 1.000000
-0.193739 -0.255316 -0.001251 1.000000
0.544483 -0.026425 0.117725 3.000000
-0.190323 -0.475472 0.003745 1.000000
0.005184 -0.167311 -0.187135 1.000000
-0.596215 0.084667 0.025695 0.000000
0.490513 -0.352052 0.187317 3.000000
0.000639 -0.173023 -0.172184 1.000000
-0.300686 0.043283 0.085282 1.000000
0.773825 0.215363 -0.113922 3.000000
-0.547833 -0.193308 0.048498 0.000000
-0.830750 -0.245082 -0.181243 0.000000
-0.494120 0.093533 0.093668 0.000000
0.290349 0.334988 0.058775 2.000000
-0.859513 -0.257475 -0.191304 0.000000
-0.537222 0.164845 0.064397 0.000000
0.011798 -0.463079 -0.165758 1.000000
0.139313 0.020444 -0.091868 2.000000
0.484816 -0.217867 0.162939 3.000000
0.057776 0.024091 -0.170437 2.000000
0.786059 -0.517206 -0.101352 3.000000
0.536005 0.128885 0.130162 3.000000
0.686680 -0.502397 -0.016296 3.000000
0.352523 -0.022375 0.129957 2.000000
-0.156284 -0.323854 -0.047554 1.000000
-0.631079 -0.046427 -0.020211 0.000000
0.743081 0.432559 -0.059528 3.000000
0.560237 0.089691 0.137399 3.000000
0.239894 0.267649 0.029155 2.000000
-0.639077 0.160984 -0.028580 0.000000
0.095768 -0.467403 -0.121569 2.000000
-0.342816 -0.151126 0.111457 1.000000
0.789445 0.142640 -0.109859 3.000000
0.010646 -0.204168 -0.178586 1.000000
-0.357094 0.361264 0.112763 1.000000
-0.453739 -0.204509 0.136132 0.000000
0.595763 0.118718 0.090529 3.000000
-0.493476 -0.342530 0.092593 0.000000
0.411569 0.149520 0.151571 2.000000
-0.853029 -0.040189 -0.200617 0.000000
-0.213679 -0.252570 -0.013614 1.000000
-0.652690 -0.401090 -0.040898 0.000000
-0.597440 0.140734 0.014454 0.000000
0.180185 0.298978 -0.049635 2.000000
-0.392956 0.452078 0.147537 1.000000
-0.835603 -0.098334 -0.182663 0.000000
-0.342633 0.129961 0.108990 1.000000
0.150128 -0.063884 -0.081930 2.000000
-0.737940 0.445316 -0.128058 0.000000
-0.486076 -0.014150 0.084210 0.000000
-0.104952 0.080085 -0.091959 1.000000
-0.587844 -0.295565 0.013927 0.000000
-0.681127 -0.340767 -0.061927 0.000000
-0.547511 0.214625 0.066910 0.000000
-0.302381 -0.461172 0.068537 1.000000
-0.540917 0.204278 0.055392 0.000000
0.697895 0.375486 -0.007775 3.000000
-0.117829 0.340146 -0.087669 1.000000
0.697642 -0.416497 -0.025987 3.000000
0.488247 -0.487361 0.177649 3.000000
0.288139 0.089651 0.051722 2.000000
0.395464 0.267034 0.162751 2.000000
0.434352 -0.435301 0.221834 2.000000
0.590409 -0.176934 0.086680 3.000000
-0.642645 0.116487 -0.027561 0.000000
-0.297980 -0.165409 0.085672 1.000000
-0.062942 0.461872 -0.134642 1.000000
0.002857 0.368795 -0.165039 1.000000
0.743081 0.432559 -0.059528 3.000000
-0.506072 0.056275 0.092144 0.000000
-0.785211 0.396892 -0.154177 0.000000
0.403848 0.054326 0.161448 2.000000
0.434225 -0.133568 0.203021 2.000000
-0.200659 0.260352 -0.007261 1.000000
0.550676 -0.037006 0.137037 3.000000
-0.737166 0.202443 -0.113698 0.000000
0.486753 -0.072945 0.178776 3.000000
-0.392956 0.452078 0.147537 1.000000
0.442139 0.064875 0.198694 2.000000
-0.239431 0.394304 0.024924 1.000000
-0.597220 -0.369644 0.010838 0.000000
0.704904 -0.320975 -0.022792 3.000000
0.678390 -0.408601 -0.016390 3.000000
0.594364 -0.124899 0.083212 3.000000
0.105911 0.105321 -0.134886 2.000000
-0.743041 0.057248 -0.099874 0.000000
-0.729742 0.186435 -0.123598 0.000000
0.192775 0.165059 -0.043414 2.000000
0.631135 0.078175 0.036279 3.000000
0.139205 0.169178 -0.091344 2.000000
-0.513128 -0.141588 0.080203 0.000000
-0.547205 -0.371431 0.055651 0.000000
-0.102965 -0.383403 -0.082149 1.000000
0.638062 0.111148 0.018359 3.000000
-0.104982 -0.442942 -0.086524 1.000000
0.242073 -0.490971 0.002156 2.000000
0.787656 0.215302 -0.098855 3.000000
