0.016401 0.439360 0.078092 1.000000
0.230306 -0.520125 0.157049 0.000000
-0.304119 -0.037363 -0.174014 0.000000
-0.090556 0.586734 0.182987 1.000000
-0.409108 0.180448 -0.080897 1.000000
-0.291793 -0.214036 -0.055198 0.000000
0.658192 -0.165464 -0.107452 0.000000
0.440903 0.552878 0.174993 1.000000
0.060168 0.178759 -0.083036 1.000000
-0.303716 0.382523 0.053721 1.000000
0.504238 -0.272576 -0.037514 0.000000
-0.251510 0.105751 -0.127280 1.000000
0.719917 0.607606 0.198578 1.000000
-0.151316 -0.291161 -0.003015 0.000000
-0.356387 -0.586302 0.192888 0.000000
0.447929 0.397339 0.057430 1.000000
-0.794826 -0.154427 -0.112110 0.000000
-0.670633 0.556120 0.171508 1.000000
0.761077 0.283284 -0.007753 1.000000
0.331768 -0.378884 0.044296 0.000000
0.177268 -0.437192 0.082744 0.000000
-0.253687 0.584463 0.182859 1.000000
0.281281 -0.442341 0.086905 0.000000
0.017995 0.356159 0.038475 1.000000
-0.517173 -0.569924 0.176998 0.000000
-0.419778 -0.355223 0.028484 0.000000
-0.142661 0.211343 -0.059065 1.000000
-0.359875 -0.126449 -0.121459 0.000000
0.285987 -0.500373 0.133474 0.000000
-0.667941 0.562133 0.177924 1.000000
-0.041509 -0.153001 -0.101515 0.000000
0.396763 0.200305 -0.064109 1.000000
0.758305 -0.148577 -0.102925 0.000000
0.649303 -0.354552 0.036821 0.000000
-0.514240 0.327561 0.017161 1.000000
-0.468569 0.332594 0.027780 1.000000
0.451595 0.259143 -0.017373 1.000000
-0.468390 0.093670 -0.141627 1.000000
0.072954 0.308596 -0.002062 1.000000
-0.135355 0.349610 0.044855 1.000000
-0.567693 0.222880 -0.059566 1.000000
-0.149208 -0.533677 0.146531 0.000000
-0.732787 0.428215 0.087137 1.000000
0.178607 -0.084930 -0.158699 0.000000
-0.140387 -0.314880 0.004219 0.000000
-0.517087 -0.286175 -0.021365 0.000000
0.763529 0.588620 0.198939 1.000000
-0.781544 -0.021218 -0.184173 0.000000
-0.035769 -0.516514 0.141177 0.000000
0.493874 0.397831 0.070944 1.000000
-0.354842 0.057089 -0.160407 1.000000
-0.505897 0.339384 0.037882 1.000000
0.602682 -0.254562 -0.040106 0.000000
-0.140673 -0.448087 0.097029 0.000000
-0.087276 -0.254727 -0.023085 0.000000
-0.292196 -0.404511 0.057430 0.000000
-0.721927 -0.047800 -0.175240 0.000000
0.123472 -0.198452 -0.066596 0.000000
-0.192619 0.339564 0.025967 1.000000
-0.727393 -0.113271 -0.124346 0.000000
0.545534 -0.136465 -0.121906 0.000000
-0.625569 -0.108009 -0.136721 0.000000
0.335863 -0.112978 -0.130773 0.000000
-0.359188 -0.475829 0.102712 0.000000
-0.729011 0.582041 0.187306 1.000000
0.605368 -0.013432 -0.195058 0.000000
0.383610 0.272731 -0.026552 1.000000
0.657265 0.446665 0.095308 1.000000
0.613850 0.290127 -0.014805 1.000000
-0.777123 -0.602449 0.182028 0.000000
-0.095985 0.401364 0.072988 1.000000
-0.776160 0.491681 0.128708 1.000000
0.495041 -0.161082 -0.103415 0.000000
-0.735915 -0.202275 -0.075218 0.000000
-0.461986 -0.269424 -0.031390 0.000000
-0.203121 -0.396804 0.064441 0.000000
-0.465757 0.099995 -0.127546 1.000000
0.166887 0.012326 -0.192815 1.000000
0.009903 0.573415 0.176595 1.000000
0.013716 -0.015652 -0.196737 0.000000
0.385338 -0.324311 0.012272 0.000000
0.495691 0.406319 0.078313 1.000000
-0.516239 0.235297 -0.043736 1.000000
-0.306298 -0.194718 -0.076385 0.000000
-0.251607 0.577008 0.185958 1.000000
0.497211 -0.328067 0.021296 0.000000
0.495526 -0.153606 -0.109230 0.000000
-0.732787 0.428215 0.087137 1.000000
-0.574057 0.602654 0.200165 1.000000
0.658631 -0.438913 0.084607 0.000000
-0.148694 -0.154124 -0.097080 0.000000
0.495526 -0.153606 -0.109230 0.000000
0.063380 -0.095974 -0.134814 0.000000
-0.571710 -0.244003 -0.047559 0.000000
0.171828 -0.566539 0.168089 0.000000
-0.037209 0.034881 -0.165046 1.000000
-0.306192 0.229425 -0.043892 1.000000
-0.145703 -0.392452 0.060688 0.000000
-0.036828 0.058305 -0.142691 1.000000
0.609080 -0.564599 0.165192 0.000000
-0.408594 0.581070 0.190206 1.000000
0.655142 -0.137533 -0.108670 0.000000
0.385015 0.526652 0.140962 1.000000
0.384368 -0.596130 0.184886 0.000000
0.396499 0.217855 -0.053163 1.000000
0.123751 -0.048571 -0.170966 0.000000
0.230358 -0.126238 -0.115084 0.000000
0.332309 0.269852 -0.022326 1.000000
-0.049954 0.471137 0.119840 1.000000
0.066653 -0.151069 -0.101264 0.000000
-0.515844 0.555883 0.172208 1.000000
-0.780787 -0.555895 0.156243 0.000000
0.554038 -0.215080 -0.061839 0.000000
-0.154471 -0.461841 0.095797 0.000000
-0.677946 -0.380015 0.043204 0.000000
0.172597 -0.116704 -0.128808 0.000000
0.767390 0.110708 -0.116688 1.000000
0.652848 -0.268458 -0.035054 0.000000
0.336929 -0.311520 0.001544 0.000000
-0.570415 -0.056938 -0.166612 0.000000
-0.141777 0.476026 0.108534 1.000000
0.647474 0.516482 0.148117 1.000000
-0.779664 -0.493447 0.126213 0.000000
0.751863 -0.323424 0.006500 0.000000
0.770710 0.383351 0.054795 1.000000
-0.050065 -0.339692 0.017632 0.000000
0.338341 0.563857 0.176557 1.000000
0.548854 -0.570263 0.172839 0.000000
-0.200909 0.213763 -0.069684 1.000000
0.608809 0.245457 -0.029077 1.000000
0.756314 0.605576 0.220842 1.000000
0.340275 -0.534042 0.144963 0.000000
0.388565 0.121933 -0.114604 1.000000
-0.726806 -0.238865 -0.045154 0.000000
-0.728747 0.553420 0.165985 1.000000
0.284176 -0.458334 0.088129 0.000000
0.347382 -0.244753 -0.043700 0.000000
-0.664259 0.564553 0.179011 1.000000
0.218586 0.036308 -0.174471 1.000000
0.342414 -0.614893 0.203707 0.000000
0.387494 -0.257214 -0.034261 0.000000
0.541661 0.501755 0.123916 1.000000
-0.253662 0.069162 -0.138703 1.000000
-0.626795 0.585349 0.193135 1.000000
0.751784 -0.095554 -0.138807 0.000000
0.563675 -0.253266 -0.030968 0.000000
0.335852 -0.146081 -0.098093 0.000000
0.547195 -0.062697 -0.152408 0.000000
0.279687 0.302021 0.013711 1.000000
0.444508 0.336241 0.017170 1.000000
0.771595 0.006448 -0.195185 1.000000
0.494330 -0.390731 0.052495 0.000000
0.067002 0.137273 -0.096818 1.000000
-0.729328 0.036605 -0.165208 1.000000
0.237819 0.477539 0.116594 1.000000
0.121134 -0.413792 0.061715 0.000000
0.070828 -0.127501 -0.115098 0.000000
-0.782078 -0.100911 -0.134372 0.000000
0.016122 -0.024366 -0.190902 0.000000
-0.037788 -0.248176 -0.039376 0.000000
-0.612897 0.309008 0.006860 1.000000
-0.671480 0.031409 -0.175226 1.000000
0.600999 0.151098 -0.101356 1.000000
-0.573102 -0.597918 0.178941 0.000000
-0.143220 -0.223856 -0.041458 0.000000
0.606495 0.180267 -0.084291 1.000000
-0.296058 -0.143481 -0.109114 0.000000
-0.137858 -0.308816 -0.002977 0.000000
0.117792 -0.221220 -0.061604 0.000000
0.337366 0.589027 0.185536 1.000000
-0.467611 0.033252 -0.181653 1.000000
0.765648 -0.439119 0.087831 0.000000
0.178426 0.590219 0.187620 1.000000
-0.253492 0.594500 0.199442 1.000000
0.544973 0.136965 -0.109534 1.000000
0.062928 -0.401134 0.061818 0.000000
0.383199 0.558876 0.185446 1.000000
-0.470747 0.149305 -0.088626 1.000000
0.085628 0.276668 -0.008673 1.000000
-0.092343 0.042093 -0.155068 1.000000
0.710923 0.045507 -0.154368 1.000000
-0.254623 -0.160607 -0.091758 0.000000
-0.503991 -0.471849 0.112656 0.000000
-0.742154 -0.343684 0.037290 0.000000
0.539704 -0.147952 -0.113700 0.000000
0.497403 0.337421 0.045467 1.000000
-0.255023 0.120258 -0.112104 1.000000
-0.410543 -0.590277 0.191131 0.000000
-0.040334 0.505292 0.133717 1.000000
0.122767 -0.475782 0.108940 0.000000
-0.238035 0.523169 0.134075 1.000000
0.505418 0.329039 0.021234 1.000000
-0.090085 -0.411812 0.059699 0.000000
0.078185 0.497520 0.138425 1.000000
-0.520058 0.410632 0.077826 1.000000
0.603449 0.594309 0.184924 1.000000
-0.722247 0.029085 -0.181788 1.000000
-0.042681 -0.191403 -0.075815 0.000000
0.281823 -0.334815 0.015595 0.000000
-0.031472 -0.375428 0.057498 0.000000
0.499133 0.202640 -0.058440 1.000000
-0.188794 0.184813 -0.077596 1.000000
0.709570 0.597172 0.191600 1.000000
0.291337 -0.299781 0.002579 0.000000
0.326738 0.243340 -0.029399 1.000000
-0.194929 0.398768 0.065379 1.000000
0.339486 -0.345137 0.024700 0.000000
0.763956 -0.523169 0.142347 0.000000
0.125082 0.072342 -0.160404 1.000000
-0.145070 -0.587611 0.188287 0.000000
0.121618 0.413310 0.065145 1.000000
0.071144 0.115081 -0.118590 1.000000
0.224711 0.197765 -0.054457 1.000000
0.273974 -0.489329 0.120830 0.000000
0.439775 -0.434179 0.084945 0.000000
-0.090085 -0.411812 0.059699 0.000000
0.228694 0.173232 -0.089173 1.000000
0.334641 -0.239107 -0.047700 0.000000
0.495691 0.406319 0.078313 1.000000
0.382585 0.409728 0.068804 1.000000
-0.092121 -0.100325 -0.140134 0.000000
0.651470 0.447754 0.103989 1.000000
0.286715 -0.475100 0.115040 0.000000
0.286943 -0.211430 -0.056492 0.000000
0.708699 0.302697 0.011106 1.000000
0.603433 0.032184 -0.170902 1.000000
0.444665 0.481176 0.121648 1.000000
0.234517 -0.613619 0.198297 0.000000
0.228981 0.271651 -0.018118 1.000000
-0.151981 -0.061423 -0.160527 0.000000
-0.192148 0.296571 -0.005780 1.000000
0.708646 -0.543185 0.161176 0.000000
0.605778 0.273711 -0.021246 1.000000
-0.306298 -0.194718 -0.076385 0.000000
-0.037788 -0.248176 -0.039376 0.000000
-0.252737 0.025207 -0.180062 1.000000
0.111717 0.417805 0.073329 1.000000
-0.775396 0.171613 -0.081374 1.000000
0.074740 0.601644 0.193657 1.000000
-0.520349 -0.297061 -0.006833 0.000000
-0.626666 -0.128059 -0.118231 0.000000
-0.197574 -0.386439 0.060039 0.000000
-0.087859 0.076513 -0.142036 1.000000
0.339486 -0.345137 0.024700 0.000000
0.447929 0.397339 0.057430 1.000000
0.184663 0.232034 -0.036120 1.000000
-0.675077 0.425966 0.082080 1.000000
-0.732137 -0.254154 -0.027142 0.000000
-0.090085 -0.411812 0.059699 0.000000
-0.668406 0.363287 0.053475 1.000000
0.386685 -0.098067 -0.138757 0.000000
-0.797190 0.027026 -0.174799 1.000000
-0.297134 0.511056 0.145550 1.000000
0.602623 -0.107307 -0.135896 0.000000
0.070495 0.522208 0.155920 1.000000
0.657561 -0.217682 -0.055015 0.000000
-0.685293 -0.057959 -0.158729 0.000000
0.492946 0.233780 -0.038987 1.000000
-0.145070 -0.587611 0.188287 0.000000
-0.557736 0.547275 0.168832 1.000000
-0.626666 -0.128059 -0.118231 0.000000
0.652571 -0.186976 -0.080925 0.000000
-0.409349 0.438899 0.085373 1.000000
0.336374 0.064637 -0.154574 1.000000
-0.139758 0.603488 0.189517 1.000000
-0.304777 -0.566079 0.180143 0.000000
-0.041439 -0.242818 -0.031302 0.000000
-0.776838 -0.524979 0.142596 0.000000
0.657561 -0.217682 -0.055015 0.000000
0.723616 -0.100969 -0.131737 0.000000
0.121870 -0.203052 -0.064312 0.000000
-0.362797 0.318498 0.003736 1.000000
0.603356 -0.114207 -0.124187 0.000000
-0.403840 -0.109025 -0.117584 0.000000
0.401064 0.339952 0.036188 1.000000
-0.784553 0.371518 0.066744 1.000000
-0.086373 0.549326 0.168841 1.000000
-0.145181 -0.511927 0.143616 0.000000
-0.624704 0.503068 0.135757 1.000000
-0.252380 0.367051 0.044089 1.000000
-0.624955 -0.152754 -0.102455 0.000000
0.380258 -0.201623 -0.062838 0.000000
0.553088 0.364877 0.041329 1.000000
-0.137858 -0.308816 -0.002977 0.000000
-0.679631 -0.036846 -0.176292 0.000000
-0.720961 -0.079277 -0.142323 0.000000
0.122784 0.040934 -0.174902 1.000000
0.022814 -0.443881 0.101919 0.000000
-0.683158 0.098948 -0.127889 1.000000
-0.412784 -0.562068 0.158118 0.000000
0.561047 0.578286 0.179728 1.000000
0.334641 -0.239107 -0.047700 0.000000
-0.504720 -0.584829 0.178389 0.000000
-0.135688 0.520733 0.147077 1.000000
0.290606 0.227220 -0.039197 1.000000
0.027225 0.467837 0.127548 1.000000
-0.300991 -0.022014 -0.191042 0.000000
0.341610 -0.050858 -0.161882 0.000000
-0.256205 -0.509988 0.133720 0.000000
0.326738 0.243340 -0.029399 1.000000
-0.683550 -0.069291 -0.156489 0.000000
-0.627756 -0.363340 0.048209 0.000000
-0.512802 0.058732 -0.153326 1.000000
0.765238 -0.024136 -0.179085 0.000000
0.655594 0.149431 -0.085344 1.000000
0.015481 -0.576411 0.175840 0.000000
-0.514240 0.327561 0.017161 1.000000
-0.030614 0.040296 -0.164608 1.000000
-0.192148 0.296571 -0.005780 1.000000
-0.408540 0.205152 -0.069946 1.000000
-0.781158 0.405059 0.070552 1.000000
-0.733611 -0.404754 0.074037 0.000000
-0.519605 -0.313344 0.014023 0.000000
0.497211 -0.328067 0.021296 0.000000
0.761091 0.260897 -0.016155 1.000000
-0.572514 -0.128998 -0.118366 0.000000
0.763363 0.027897 -0.169008 1.000000
-0.570618 -0.057410 -0.158935 0.000000
0.706518 0.565851 0.172376 1.000000
-0.524084 0.538342 0.169275 1.000000
-0.777415 0.208738 -0.064202 1.000000
0.602682 -0.254562 -0.040106 0.000000
0.712173 -0.417378 0.076240 0.000000
-0.672447 -0.199386 -0.071023 0.000000
0.391490 -0.408010 0.076441 0.000000
0.117940 0.254425 -0.043754 1.000000
-0.776838 -0.524979 0.142596 0.000000
0.489566 -0.526808 0.139819 0.000000
-0.090806 0.424984 0.088332 1.000000
0.066914 -0.201700 -0.064967 0.000000
0.167616 -0.451480 0.092209 0.000000
-0.303216 -0.543123 0.155453 0.000000
0.716288 -0.433450 0.076051 0.000000
-0.637465 0.284664 -0.013273 1.000000
0.490244 0.117012 -0.116854 1.000000
0.179268 0.307463 0.010155 1.000000
0.600405 -0.013087 -0.204135 1.000000
0.434948 0.395878 0.069308 1.000000
0.495041 -0.161082 -0.103415 0.000000
-0.734199 -0.402345 0.053610 0.000000
0.707348 -0.031072 -0.191335 0.000000
-0.094515 -0.267497 -0.023549 0.000000
0.120825 0.239879 -0.031536 1.000000
0.336374 0.064637 -0.154574 1.000000
-0.568298 -0.370796 0.045194 0.000000
0.654523 0.333097 0.024105 1.000000
0.124139 0.111698 -0.120498 1.000000
0.601663 -0.093170 -0.133038 0.000000
-0.658611 -0.461963 0.097248 0.000000
-0.141703 -0.158018 -0.091560 0.000000
-0.784408 0.362399 0.043043 1.000000
0.387494 -0.257214 -0.034261 0.000000
-0.779664 -0.493447 0.126213 0.000000
-0.097270 0.053455 -0.171781 1.000000
0.274196 -0.570919 0.172711 0.000000
0.340964 -0.025063 -0.181539 0.000000
0.022814 -0.443881 0.101919 0.000000
-0.419778 -0.355223 0.028484 0.000000
0.710923 0.045507 -0.154368 1.000000
-0.569792 -0.105629 -0.135544 0.000000
0.015194 -0.144948 -0.111155 0.000000
0.552139 0.415840 0.080873 1.000000
-0.452803 -0.256817 -0.028352 0.000000
-0.198190 0.031939 -0.175007 1.000000
-0.143839 -0.073630 -0.150400 0.000000
-0.787100 -0.564509 0.171888 0.000000
0.118011 0.313757 0.010312 1.000000
0.602682 -0.254562 -0.040106 0.000000
-0.624098 -0.190093 -0.075342 0.000000
-0.298801 0.172517 -0.074377 1.000000
-0.198007 -0.450170 0.084274 0.000000
0.438247 -0.004432 -0.190694 0.000000
-0.346107 0.332932 0.033953 1.000000
0.223748 -0.450925 0.096895 0.000000
-0.355379 -0.237573 -0.049484 0.000000
-0.466710 0.559785 0.177103 1.000000
-0.730684 0.441081 0.089206 1.000000
0.066914 -0.201700 -0.064967 0.000000
0.347382 -0.244753 -0.043700 0.000000
-0.664704 0.203361 -0.058124 1.000000
0.021536 -0.025278 -0.181055 0.000000
0.224492 0.578668 0.196531 1.000000
0.332547 -0.196887 -0.085131 0.000000
-0.620499 -0.443618 0.097868 0.000000
-0.257209 0.014496 -0.196127 1.000000
0.175360 -0.553371 0.154346 0.000000
-0.515401 -0.360916 0.035967 0.000000
0.291916 -0.109208 -0.133796 0.000000
0.391079 -0.065265 -0.171218 0.000000
0.072519 -0.369224 0.036439 0.000000
-0.562380 -0.150110 -0.098189 0.000000
0.341567 -0.574513 0.177344 0.000000
0.760936 -0.031206 -0.173488 0.000000
0.712387 0.517404 0.145781 1.000000
0.011215 0.099209 -0.120564 1.000000
-0.291793 -0.214036 -0.055198 0.000000
-0.618571 -0.196894 -0.065823 0.000000
0.703681 0.162215 -0.087358 1.000000
0.539704 -0.147952 -0.113700 0.000000
-0.356019 0.174255 -0.082990 1.000000
0.181611 -0.175670 -0.088789 0.000000
0.179186 0.356159 0.046206 1.000000
0.718123 0.572844 0.181953 1.000000
-0.576974 0.246685 -0.037875 1.000000
0.068095 0.237995 -0.035717 1.000000
-0.675437 -0.158239 -0.094441 0.000000
-0.685293 -0.057959 -0.158729 0.000000
-0.618861 0.419140 0.091624 1.000000
0.175933 -0.258109 -0.027144 0.000000
0.264219 0.135514 -0.111704 1.000000
-0.718675 -0.375597 0.046758 0.000000
0.588317 0.191167 -0.063038 1.000000
0.111760 -0.274219 -0.014473 0.000000
0.005798 -0.111084 -0.118033 0.000000
-0.565117 0.057090 -0.161011 1.000000
-0.139758 0.603488 0.189517 1.000000
0.505170 0.326724 0.025953 1.000000
-0.314862 -0.153071 -0.087726 0.000000
-0.351035 -0.531414 0.158956 0.000000
-0.144313 -0.158925 -0.102052 0.000000
0.070999 -0.149501 -0.108448 0.000000
-0.095985 0.401364 0.072988 1.000000
-0.676922 0.198571 -0.058196 1.000000
-0.095985 0.401364 0.072988 1.000000
0.655142 -0.137533 -0.108670 0.000000
-0.308441 -0.346411 0.027651 0.000000
0.331192 -0.424630 0.073347 0.000000
-0.784408 0.362399 0.043043 1.000000
-0.630064 -0.368147 0.041754 0.000000
-0.726524 0.607550 0.200594 1.000000
-0.192840 0.064832 -0.137167 1.000000
-0.574057 0.602654 0.200165 1.000000
0.605925 -0.224073 -0.055479 0.000000
0.342303 0.480906 0.121161 1.000000
-0.520872 0.056657 -0.146817 1.000000
0.336929 -0.311520 0.001544 0.000000
-0.088223 0.261784 -0.016125 1.000000
0.661600 0.189995 -0.075545 1.000000
-0.514247 -0.196086 -0.073651 0.000000
-0.032571 -0.335912 0.034578 0.000000
0.543482 0.243219 -0.030356 1.000000
-0.043921 -0.432202 0.099918 0.000000
-0.146904 0.028665 -0.193762 1.000000
-0.730733 0.503100 0.140523 1.000000
-0.412245 -0.224533 -0.040835 0.000000
0.332996 0.425505 0.083631 1.000000
-0.092456 0.445489 0.090239 1.000000
0.599365 0.258150 -0.036318 1.000000
0.169366 -0.053220 -0.172400 0.000000
-0.291430 0.587783 0.192338 1.000000
-0.038151 0.084316 -0.145697 1.000000
-0.626912 -0.200960 -0.067785 0.000000
0.342414 -0.614893 0.203707 0.000000
0.449344 -0.072498 -0.152696 0.000000
0.661470 0.417476 0.086956 1.000000
-0.567693 0.222880 -0.059566 1.000000
-0.573635 -0.097594 -0.136519 0.000000
-0.619037 0.499731 0.140280 1.000000
0.009903 0.573415 0.176595 1.000000
0.126775 0.187900 -0.075289 1.000000
0.488834 -0.267108 -0.018084 0.000000
0.123412 0.530922 0.160375 1.000000
0.383315 -0.040007 -0.181211 0.000000
0.547057 -0.038704 -0.176338 0.000000
0.072660 0.175320 -0.084652 1.000000
-0.729011 0.582041 0.187306 1.000000
-0.783733 0.587219 0.185140 1.000000
0.764741 0.361051 0.027791 1.000000
0.079317 -0.103750 -0.135894 0.000000
-0.571944 0.132667 -0.097265 1.000000
-0.094632 -0.349791 0.019859 0.000000
-0.467611 0.033252 -0.181653 1.000000
0.330770 0.408829 0.080860 1.000000
-0.037201 0.397426 0.063310 1.000000
-0.407883 0.534485 0.151271 1.000000
0.229847 0.366812 0.041743 1.000000
-0.348006 0.150795 -0.104808 1.000000
-0.783928 -0.455940 0.113711 0.000000
0.118333 -0.178224 -0.086940 0.000000
-0.297546 -0.508540 0.141586 0.000000
-0.037620 0.346086 0.041097 1.000000
0.117792 -0.221220 -0.061604 0.000000
-0.037748 0.132108 -0.114978 1.000000
0.705099 -0.422845 0.089368 0.000000
-0.579026 0.067346 -0.147798 1.000000
0.600999 0.151098 -0.101356 1.000000
-0.781158 0.405059 0.070552 1.000000
-0.631694 -0.297177 0.002500 0.000000
-0.467925 -0.138152 -0.108218 0.000000
0.234517 -0.613619 0.198297 0.000000
0.598910 -0.478684 0.110813 0.000000
-0.637465 0.284664 -0.013273 1.000000
0.446081 0.453598 0.108162 1.000000
-0.243866 0.451155 0.111711 1.000000
-0.667805 0.209815 -0.051275 1.000000
0.605178 -0.415346 0.063606 0.000000
-0.681215 -0.569142 0.171634 0.000000
-0.405101 0.012658 -0.200203 1.000000
0.340964 -0.025063 -0.181539 0.000000
0.495276 0.062502 -0.155799 1.000000
0.237819 0.477539 0.116594 1.000000
0.186856 -0.356424 0.039808 0.000000
0.121870 -0.203052 -0.064312 0.000000
-0.092121 -0.100325 -0.140134 0.000000
0.600001 -0.328219 0.018306 0.000000
0.018032 0.590875 0.182385 1.000000
-0.037233 -0.326697 0.006322 0.000000
-0.781544 -0.021218 -0.184173 0.000000
0.121956 0.069573 -0.143338 1.000000
-0.090085 -0.411812 0.059699 0.000000
0.061478 0.038358 -0.156048 1.000000
0.336501 -0.034673 -0.181726 0.000000
-0.085997 -0.262396 -0.034124 0.000000
-0.262792 0.473826 0.120769 1.000000
0.649303 -0.354552 0.036821 0.000000
-0.730873 0.116701 -0.129196 1.000000
-0.411548 -0.549875 0.159617 0.000000
0.236913 0.543045 0.162542 1.000000
-0.466677 -0.218607 -0.065761 0.000000
-0.624955 -0.152754 -0.102455 0.000000
-0.092456 0.445489 0.090239 1.000000
-0.778035 0.587283 0.181081 1.000000
0.656520 -0.292135 -0.016888 0.000000
0.232631 -0.512820 0.131152 0.000000
-0.630343 0.021080 -0.174435 1.000000
-0.676755 -0.166826 -0.093714 0.000000
0.386319 0.391920 0.063379 1.000000
-0.250825 -0.505320 0.133676 0.000000
0.232122 0.147523 -0.095303 1.000000
0.755365 0.311314 0.002392 1.000000
-0.302918 -0.548398 0.171822 0.000000
-0.411883 0.158733 -0.095709 1.000000
0.230252 -0.055827 -0.173848 0.000000
-0.309644 0.216001 -0.051742 1.000000
-0.463295 -0.164897 -0.094547 0.000000
-0.044104 0.427869 0.095986 1.000000
0.654696 -0.211834 -0.061896 0.000000
-0.151981 -0.061423 -0.160527 0.000000
-0.510634 -0.247990 -0.035725 0.000000
0.603121 -0.338225 0.029683 0.000000
0.765953 0.154998 -0.094897 1.000000
0.699536 -0.570998 0.186978 0.000000
0.283989 0.450218 0.108091 1.000000
0.240585 0.141562 -0.094198 1.000000
0.235529 0.237084 -0.039826 1.000000
-0.467156 -0.105724 -0.135718 0.000000
0.663166 -0.224179 -0.049407 0.000000
0.603735 0.458683 0.109497 1.000000
-0.352260 0.505249 0.145383 1.000000
-0.250176 -0.352616 0.034645 0.000000
0.771595 0.006448 -0.195185 1.000000
0.492110 -0.311305 0.004908 0.000000
-0.049954 0.471137 0.119840 1.000000
-0.401998 -0.079074 -0.156514 0.000000
0.278060 0.541722 0.170503 1.000000
-0.619037 0.499731 0.140280 1.000000
-0.567227 0.208492 -0.054309 1.000000
0.338341 0.563857 0.176557 1.000000
0.230252 -0.055827 -0.173848 0.000000
-0.405786 -0.433812 0.088261 0.000000
-0.631712 -0.497231 0.124010 0.000000
-0.313546 0.110080 -0.121386 1.000000
-0.357988 -0.337711 0.030093 0.000000
0.548854 -0.570263 0.172839 0.000000
-0.095771 -0.524730 0.146774 0.000000
0.335564 -0.284099 -0.014994 0.000000
0.068103 0.182551 -0.083717 1.000000
-0.085997 -0.262396 -0.034124 0.000000
-0.463128 0.222801 -0.053843 1.000000
0.600699 0.047124 -0.160901 1.000000
-0.566122 -0.232811 -0.041930 0.000000
0.539704 -0.147952 -0.113700 0.000000
0.713908 0.532462 0.156223 1.000000
0.658631 -0.438913 0.084607 0.000000
0.281823 -0.334815 0.015595 0.000000
0.499170 0.335927 0.028711 1.000000
0.174752 -0.483121 0.116238 0.000000
0.174752 -0.483121 0.116238 0.000000
-0.677133 -0.288720 -0.014288 0.000000
-0.578286 0.309071 0.005782 1.000000
0.597631 -0.246374 -0.033038 0.000000
-0.675077 0.425966 0.082080 1.000000
0.703681 0.162215 -0.087358 1.000000
0.450894 0.603561 0.215773 1.000000
0.077904 -0.520852 0.135807 0.000000
-0.196125 0.510675 0.132891 1.000000
0.603356 -0.114207 -0.124187 0.000000
0.171943 -0.219161 -0.047635 0.000000
0.551429 0.380226 0.049240 1.000000
0.707277 -0.095302 -0.142891 0.000000
0.068095 0.237995 -0.035717 1.000000
0.605368 -0.013432 -0.195058 0.000000
-0.616678 -0.432407 0.083817 0.000000
0.771801 0.000230 -0.191451 1.000000
-0.413146 0.466566 0.120043 1.000000
0.654203 0.306959 0.015433 1.000000
-0.139856 -0.301943 0.003014 0.000000
0.606761 -0.459343 0.098769 0.000000
-0.516496 -0.614487 0.187364 0.000000
0.291916 -0.109208 -0.133796 0.000000
-0.031012 -0.108613 -0.131193 0.000000
-0.474687 -0.291614 -0.005141 0.000000
-0.036828 0.058305 -0.142691 1.000000
-0.146904 0.028665 -0.193762 1.000000
0.715634 0.365646 0.053761 1.000000
0.115399 0.107766 -0.115359 1.000000
0.331192 -0.424630 0.073347 0.000000
-0.086430 0.127883 -0.111986 1.000000
-0.461517 0.119997 -0.130771 1.000000
-0.086686 0.462664 0.098803 1.000000
-0.788011 0.241768 -0.039301 1.000000
-0.631212 0.260381 -0.028807 1.000000
0.713084 0.034651 -0.174936 1.000000
-0.458091 0.568095 0.166921 1.000000
-0.192148 0.296571 -0.005780 1.000000
-0.088223 0.261784 -0.016125 1.000000
0.231774 -0.060835 -0.141776 0.000000
0.332399 -0.254315 -0.028403 0.000000
0.070999 -0.149501 -0.108448 0.000000
0.069218 0.368714 0.043976 1.000000
0.178607 -0.084930 -0.158699 0.000000
0.444700 -0.005396 -0.194661 1.000000
-0.617835 -0.319592 0.010063 0.000000
-0.253492 0.594500 0.199442 1.000000
0.070535 0.156059 -0.100590 1.000000
0.764708 0.025407 -0.179204 1.000000
0.715954 -0.225142 -0.060378 0.000000
0.228694 0.173232 -0.089173 1.000000
0.230306 -0.520125 0.157049 0.000000
-0.628297 -0.122393 -0.110784 0.000000
0.124605 0.169480 -0.083893 1.000000
0.181611 -0.175670 -0.088789 0.000000
-0.732670 -0.349291 0.026390 0.000000
-0.247184 -0.387313 0.044859 0.000000
0.389142 0.576686 0.177721 1.000000
0.438654 0.220214 -0.045841 1.000000
0.391839 -0.057141 -0.167806 0.000000
0.063649 0.377899 0.060818 1.000000
0.713580 0.374679 0.048170 1.000000
-0.668344 0.475215 0.128770 1.000000
0.330770 0.408829 0.080860 1.000000
-0.254623 -0.160607 -0.091758 0.000000
-0.631791 0.161771 -0.081390 1.000000
-0.044104 0.427869 0.095986 1.000000
-0.627079 -0.521445 0.140521 0.000000
-0.245325 0.392490 0.065189 1.000000
0.067462 0.117546 -0.118918 1.000000
-0.790385 -0.459773 0.101163 0.000000
0.331768 -0.378884 0.044296 0.000000
-0.585317 -0.399331 0.051894 0.000000
0.645247 -0.608418 0.182748 0.000000
-0.615497 -0.399152 0.055123 0.000000
-0.306048 0.508937 0.154407 1.000000
-0.786979 0.195143 -0.073108 1.000000
0.017962 -0.267581 -0.025343 0.000000
0.020835 -0.165616 -0.086561 0.000000
0.330207 -0.199502 -0.071392 0.000000
-0.144313 -0.158925 -0.102052 0.000000
-0.142906 0.425612 0.082702 1.000000
-0.675445 -0.212486 -0.062156 0.000000
0.399260 0.025461 -0.173069 1.000000
-0.298583 0.596559 0.184297 1.000000
-0.409349 0.438899 0.085373 1.000000
-0.518439 0.178427 -0.071881 1.000000
-0.190599 0.176176 -0.086916 1.000000
0.390906 0.440937 0.092928 1.000000
-0.030615 -0.251961 -0.037338 0.000000
-0.729328 0.036605 -0.165208 1.000000
-0.777415 0.208738 -0.064202 1.000000
0.439827 -0.181028 -0.086906 0.000000
0.235597 0.532800 0.146173 1.000000
0.383610 0.272731 -0.026552 1.000000
-0.725474 0.017297 -0.183380 1.000000
0.656209 0.131222 -0.100030 1.000000
0.397734 0.166271 -0.081731 1.000000
-0.250407 0.057669 -0.153580 1.000000
0.499718 0.044625 -0.168916 1.000000
0.120321 0.030456 -0.173611 1.000000
0.555671 0.152923 -0.096039 1.000000
-0.081572 -0.445112 0.099120 0.000000
0.283989 0.450218 0.108091 1.000000
-0.144112 -0.028914 -0.198501 0.000000
-0.775396 0.171613 -0.081374 1.000000
0.717825 0.034445 -0.167676 1.000000
-0.308760 -0.139763 -0.108541 0.000000
0.604796 0.088304 -0.137067 1.000000
-0.144815 -0.556642 0.154319 0.000000
-0.202131 -0.277937 -0.029383 0.000000
-0.344934 0.266658 -0.009626 1.000000
-0.671480 0.031409 -0.175226 1.000000
0.658650 -0.062112 -0.159676 0.000000
0.123412 0.530922 0.160375 1.000000
-0.418918 0.173780 -0.086559 1.000000
0.288468 0.382128 0.048868 1.000000
-0.458792 -0.557587 0.174021 0.000000
0.441160 0.192096 -0.062532 1.000000
-0.404497 0.236612 -0.028162 1.000000
-0.409349 0.438899 0.085373 1.000000
-0.410516 0.550571 0.167237 1.000000
-0.361932 0.319480 0.003007 1.000000
-0.252380 0.367051 0.044089 1.000000
-0.515052 0.055068 -0.153664 1.000000
-0.143839 -0.073630 -0.150400 0.000000
-0.298801 0.172517 -0.074377 1.000000
-0.673817 -0.551146 0.162942 0.000000
-0.196355 0.123372 -0.116096 1.000000
0.333432 0.590880 0.185241 1.000000
-0.568945 0.212053 -0.052205 1.000000
-0.521499 -0.224003 -0.061840 0.000000
-0.732787 0.428215 0.087137 1.000000
-0.517195 0.438805 0.096154 1.000000
0.128754 0.434247 0.087346 1.000000
-0.196087 0.007786 -0.188873 1.000000
0.647474 0.516482 0.148117 1.000000
-0.673586 -0.093203 -0.149411 0.000000
0.438665 -0.325207 0.013974 0.000000
0.224366 -0.389145 0.052130 0.000000
-0.414486 -0.067681 -0.154620 0.000000
0.505418 0.329039 0.021234 1.000000
-0.557736 0.547275 0.168832 1.000000
0.606039 0.489402 0.130169 1.000000
-0.033315 -0.204035 -0.068851 0.000000
0.551197 -0.550955 0.168756 0.000000
-0.251304 -0.099659 -0.136867 0.000000
0.128754 0.434247 0.087346 1.000000
-0.628790 0.518400 0.152368 1.000000
0.553002 -0.305084 -0.013411 0.000000
-0.298831 -0.550066 0.167026 0.000000
-0.579026 0.067346 -0.147798 1.000000
-0.407883 0.534485 0.151271 1.000000
0.711028 0.147380 -0.106129 1.000000
0.241256 0.236546 -0.034706 1.000000
0.337573 -0.120766 -0.133701 0.000000
-0.083708 -0.143776 -0.098702 0.000000
-0.036302 0.399911 0.063863 1.000000
-0.247146 -0.103782 -0.127028 0.000000
-0.302243 0.269085 -0.014897 1.000000
-0.780857 -0.143245 -0.105755 0.000000
0.451477 -0.254808 -0.042608 0.000000
-0.405786 -0.433812 0.088261 0.000000
-0.784553 0.371518 0.066744 1.000000
-0.194675 -0.350048 0.023589 0.000000
0.596017 0.465960 0.113659 1.000000
-0.624955 -0.152754 -0.102455 0.000000
-0.727975 0.477254 0.116069 1.000000
0.330770 0.408829 0.080860 1.000000
-0.726946 -0.485960 0.112762 0.000000
0.439428 -0.121667 -0.123331 0.000000
0.014141 0.109796 -0.119375 1.000000
0.495144 -0.332499 0.021843 0.000000
0.124576 -0.248901 -0.042001 0.000000
0.436811 0.197837 -0.058786 1.000000
0.341610 -0.050858 -0.161882 0.000000
-0.465880 -0.102847 -0.150346 0.000000
-0.460908 -0.347164 0.037657 0.000000
0.277879 -0.260941 -0.030130 0.000000
-0.296274 0.447418 0.096966 1.000000
-0.619275 -0.432197 0.087156 0.000000
-0.029373 0.177859 -0.076985 1.000000
0.504238 -0.272576 -0.037514 0.000000
0.330207 -0.199502 -0.071392 0.000000
0.598884 0.082906 -0.148953 1.000000
0.446261 -0.235265 -0.048382 0.000000
-0.468569 0.332594 0.027780 1.000000
0.281281 -0.442341 0.086905 0.000000
0.070535 0.156059 -0.100590 1.000000
-0.354833 -0.207504 -0.064350 0.000000
-0.685293 -0.057959 -0.158729 0.000000
0.330770 0.408829 0.080860 1.000000
0.709903 0.436274 0.101669 1.000000
0.658650 -0.062112 -0.159676 0.000000
0.759177 -0.225469 -0.051940 0.000000
-0.251898 -0.337067 0.013885 0.000000
0.602682 -0.254562 -0.040106 0.000000
-0.035480 0.349670 0.040228 1.000000
0.126321 0.575750 0.186088 1.000000
0.334336 -0.310791 -0.003773 0.000000
0.771801 0.000230 -0.191451 1.000000
0.286500 0.068970 -0.142221 1.000000
0.603276 -0.437484 0.089337 0.000000
0.451620 -0.168265 -0.087706 0.000000
-0.042681 -0.191403 -0.075815 0.000000
0.492819 -0.173458 -0.092912 0.000000
0.388774 -0.404043 0.066579 0.000000
0.659109 0.113236 -0.112843 1.000000
-0.512615 -0.272148 -0.024139 0.000000
-0.311801 -0.058373 -0.158781 0.000000
0.500670 -0.425915 0.068344 0.000000
0.708227 -0.291966 -0.001478 0.000000
0.230252 -0.055827 -0.173848 0.000000
0.011595 -0.546103 0.168675 0.000000
0.342901 0.488790 0.121101 1.000000
-0.253155 -0.551905 0.158329 0.000000
0.285987 -0.500373 0.133474 0.000000
-0.344934 0.266658 -0.009626 1.000000
-0.141703 -0.158018 -0.091560 0.000000
-0.460908 -0.347164 0.037657 0.000000
0.771595 0.006448 -0.195185 1.000000
0.387494 -0.257214 -0.034261 0.000000
0.231774 -0.060835 -0.141776 0.000000
-0.308760 -0.139763 -0.108541 0.000000
-0.732137 -0.254154 -0.027142 0.000000
0.383610 0.272731 -0.026552 1.000000
0.387494 -0.257214 -0.034261 0.000000
0.016341 -0.143194 -0.105815 0.000000
0.553140 -0.610520 0.185289 0.000000
-0.398490 -0.473693 0.116896 0.000000
-0.191455 0.055897 -0.165346 1.000000
-0.243370 -0.539511 0.156543 0.000000
-0.624704 0.503068 0.135757 1.000000
-0.458091 0.568095 0.166921 1.000000
0.336501 -0.034673 -0.181726 0.000000
0.019827 -0.596340 0.179533 0.000000
-0.150085 0.426275 0.093470 1.000000
-0.572514 -0.128998 -0.118366 0.000000
0.384723 0.289787 -0.003320 1.000000
0.613850 0.290127 -0.014805 1.000000
-0.578571 0.272592 -0.017520 1.000000
0.546927 -0.287701 -0.015857 0.000000
-0.149208 -0.533677 0.146531 0.000000
0.765648 -0.439119 0.087831 0.000000
-0.740513 -0.418768 0.079755 0.000000
-0.727975 0.477254 0.116069 1.000000
-0.194938 0.593986 0.181398 1.000000
0.502755 0.186567 -0.076569 1.000000
0.121655 -0.261368 -0.039563 0.000000
-0.037788 -0.248176 -0.039376 0.000000
0.293762 -0.006099 -0.191470 1.000000
0.283927 -0.214401 -0.063791 0.000000
-0.512026 0.527982 0.143221 1.000000
0.126775 0.187900 -0.075289 1.000000
-0.198364 0.558107 0.171069 1.000000
0.287492 0.437858 0.101859 1.000000
-0.777123 -0.602449 0.182028 0.000000
0.126708 0.121069 -0.114667 1.000000
-0.519260 0.360761 0.040775 1.000000
-0.041509 -0.153001 -0.101515 0.000000
-0.622609 0.487192 0.135290 1.000000
0.539364 0.236180 -0.029237 1.000000
0.384330 0.248952 -0.027745 1.000000
0.008057 -0.374111 0.040185 0.000000
-0.621676 -0.050127 -0.171586 0.000000
0.653272 0.062251 -0.160822 1.000000
-0.249925 0.512661 0.142128 1.000000
0.061478 0.038358 -0.156048 1.000000
0.232832 -0.370130 0.035289 0.000000
-0.727063 0.140490 -0.094962 1.000000
-0.675331 0.316545 0.017262 1.000000
0.178258 -0.146400 -0.109442 0.000000
-0.565747 0.332956 0.029171 1.000000
-0.085215 0.021277 -0.177537 1.000000
-0.628213 -0.116797 -0.130673 0.000000
-0.401998 -0.079074 -0.156514 0.000000
0.755365 0.311314 0.002392 1.000000
-0.512615 -0.272148 -0.024139 0.000000
0.330513 0.057509 -0.151355 1.000000
0.335852 -0.146081 -0.098093 0.000000
-0.192619 0.339564 0.025967 1.000000
-0.561647 0.034378 -0.165733 1.000000
0.489613 0.134697 -0.093062 1.000000
-0.572071 -0.112082 -0.126203 0.000000
-0.578286 0.309071 0.005782 1.000000
0.176892 0.391375 0.059792 1.000000
-0.412099 -0.449708 0.100332 0.000000
-0.194485 0.278529 -0.001542 1.000000
-0.461517 0.119997 -0.130771 1.000000
0.444700 -0.005396 -0.194661 1.000000
0.553088 0.364877 0.041329 1.000000
0.714062 -0.055298 -0.163090 0.000000
0.761091 0.260897 -0.016155 1.000000
0.452144 -0.000685 -0.189325 1.000000
-0.361932 0.319480 0.003007 1.000000
-0.565863 -0.101120 -0.137933 0.000000
0.281719 -0.513200 0.136791 0.000000
-0.730889 -0.493845 0.123545 0.000000
-0.407444 -0.406898 0.079250 0.000000
0.709692 0.369021 0.050127 1.000000
0.283278 -0.515746 0.140878 0.000000
-0.310804 0.407661 0.076394 1.000000
0.233172 0.057801 -0.149926 1.000000
0.662893 0.501460 0.127732 1.000000
0.447929 0.397339 0.057430 1.000000
0.022500 -0.115225 -0.126998 0.000000
0.063148 -0.577786 0.170837 0.000000
-0.620499 -0.443618 0.097868 0.000000
0.711166 -0.006705 -0.201359 0.000000
0.608374 0.586517 0.192149 1.000000
-0.198913 0.513100 0.144780 1.000000
-0.202712 0.542953 0.162312 1.000000
-0.130477 0.454445 0.102235 1.000000
-0.671335 0.050238 -0.164572 1.000000
-0.582081 -0.560464 0.162773 0.000000
0.496124 -0.522256 0.137005 0.000000
0.436476 0.391192 0.070830 1.000000
-0.296058 -0.143481 -0.109114 0.000000
-0.517195 0.438805 0.096154 1.000000
-0.459751 0.285600 -0.013038 1.000000
0.439827 -0.181028 -0.086906 0.000000
0.173406 0.570225 0.192276 1.000000
-0.092456 0.445489 0.090239 1.000000
0.658382 -0.366472 0.031447 0.000000
0.336374 0.064637 -0.154574 1.000000
0.434948 0.395878 0.069308 1.000000
-0.041082 -0.263638 -0.023313 0.000000
-0.556409 -0.257829 -0.039181 0.000000
0.702237 -0.375398 0.050803 0.000000
-0.455894 -0.365432 0.040720 0.000000
-0.520142 -0.188838 -0.077015 0.000000
-0.509327 0.293697 0.002411 1.000000
0.444199 0.226089 -0.040792 1.000000
-0.309644 0.216001 -0.051742 1.000000
0.662884 -0.274354 -0.019985 0.000000
0.707348 -0.031072 -0.191335 0.000000
-0.572241 -0.447337 0.098833 0.000000
0.336929 -0.311520 0.001544 0.000000
-0.033315 -0.204035 -0.068851 0.000000
-0.618861 0.419140 0.091624 1.000000
0.072660 0.175320 -0.084652 1.000000
0.381400 0.060456 -0.163173 1.000000
0.444700 -0.005396 -0.194661 1.000000
-0.095741 -0.048945 -0.171459 0.000000
-0.466707 0.251183 -0.032291 1.000000
-0.671890 -0.388900 0.058388 0.000000
-0.094627 0.032408 -0.170985 1.000000
-0.135688 0.520733 0.147077 1.000000
0.550940 -0.022836 -0.178135 0.000000
0.011595 -0.546103 0.168675 0.000000
-0.465880 -0.102847 -0.150346 0.000000
0.443980 -0.491335 0.124455 0.000000
-0.192829 0.158905 -0.097684 1.000000
-0.359428 0.252427 -0.037534 1.000000
0.013348 -0.308477 -0.004782 0.000000
-0.413687 0.088562 -0.127664 1.000000
0.767433 0.361078 0.035806 1.000000
-0.461782 -0.461612 0.117626 0.000000
-0.095771 -0.524730 0.146774 0.000000
0.596567 -0.329614 0.011809 0.000000
-0.627924 0.420639 0.082183 1.000000
0.650139 0.599809 0.180970 1.000000
0.279844 -0.173846 -0.090044 0.000000
-0.350604 0.057805 -0.156770 1.000000
0.444088 -0.433278 0.084281 0.000000
0.762146 -0.259141 -0.029312 0.000000
-0.413687 0.088562 -0.127664 1.000000
-0.262792 0.473826 0.120769 1.000000
-0.674205 0.201699 -0.069871 1.000000
-0.675437 -0.158239 -0.094441 0.000000
0.440343 -0.343768 0.018226 0.000000
0.645247 -0.608418 0.182748 0.000000
0.291033 -0.397101 0.059368 0.000000
-0.030802 -0.110405 -0.126376 0.000000
0.340275 -0.534042 0.144963 0.000000
0.500972 -0.532217 0.140704 0.000000
0.229806 -0.042896 -0.176257 0.000000
-0.415790 -0.376919 0.045527 0.000000
0.758233 0.345756 0.012321 1.000000
-0.669538 0.491369 0.120661 1.000000
-0.143220 -0.223856 -0.041458 0.000000
-0.664259 0.564553 0.179011 1.000000
-0.676930 -0.219368 -0.056099 0.000000
0.597631 -0.246374 -0.033038 0.000000
-0.564894 -0.330922 -0.000260 0.000000
0.551197 -0.550955 0.168756 0.000000
-0.613739 -0.441267 0.079425 0.000000
-0.620499 -0.443618 0.097868 0.000000
0.756292 -0.318614 0.019442 0.000000
-0.090185 -0.469407 0.107822 0.000000
0.345815 0.311486 -0.001987 1.000000
-0.619275 -0.432197 0.087156 0.000000
-0.515401 -0.360916 0.035967 0.000000
0.561047 0.578286 0.179728 1.000000
-0.303538 0.138764 -0.105588 1.000000
0.381064 -0.273244 -0.020350 0.000000
0.543766 -0.489397 0.125764 0.000000
-0.459674 0.242910 -0.027466 1.000000
-0.783928 -0.455940 0.113711 0.000000
-0.041439 -0.242818 -0.031302 0.000000
0.276389 -0.222807 -0.046101 0.000000
-0.352260 0.505249 0.145383 1.000000
0.602932 0.333439 0.033511 1.000000
-0.351365 0.544868 0.160923 1.000000
0.446132 -0.485790 0.123451 0.000000
-0.734085 0.391169 0.061062 1.000000
0.027225 0.467837 0.127548 1.000000
-0.727975 0.477254 0.116069 1.000000
-0.520872 0.056657 -0.146817 1.000000
0.493847 -0.165938 -0.096474 0.000000
-0.037201 0.397426 0.063310 1.000000
0.117607 0.589405 0.174647 1.000000
0.764367 -0.434613 0.075513 0.000000
-0.521499 -0.224003 -0.061840 0.000000
-0.091185 -0.345857 0.025651 0.000000
0.493011 -0.182248 -0.073073 0.000000
-0.621104 0.067083 -0.160492 1.000000
0.383218 -0.249385 -0.040397 0.000000
-0.463295 -0.164897 -0.094547 0.000000
0.441080 0.166956 -0.087358 1.000000
-0.351035 -0.531414 0.158956 0.000000
0.499162 -0.356410 0.044752 0.000000
0.600699 0.047124 -0.160901 1.000000
0.600699 0.047124 -0.160901 1.000000
0.184663 0.232034 -0.036120 1.000000
0.543482 0.243219 -0.030356 1.000000
0.330588 -0.268490 -0.025930 0.000000
0.390462 -0.613342 0.204304 0.000000
0.332309 0.269852 -0.022326 1.000000
0.071883 0.339613 0.025190 1.000000
-0.300587 0.030080 -0.182897 1.000000
-0.037747 -0.506235 0.129666 0.000000
0.228981 0.271651 -0.018118 1.000000
-0.667941 0.562133 0.177924 1.000000
-0.519260 0.360761 0.040775 1.000000
-0.670867 -0.220214 -0.057943 0.000000
-0.788496 -0.560268 0.169554 0.000000
-0.531542 0.613967 0.187205 1.000000
0.498002 0.018098 -0.181988 1.000000
0.286404 -0.373464 0.046606 0.000000
0.610601 0.151179 -0.093338 1.000000
-0.138965 -0.595042 0.184886 0.000000
-0.309644 0.216001 -0.051742 1.000000
-0.367730 -0.537381 0.153239 0.000000
-0.569184 0.390225 0.071527 1.000000
-0.515638 -0.101759 -0.133677 0.000000
-0.740513 -0.418768 0.079755 0.000000
0.122168 0.342193 0.041932 1.000000
0.068041 0.311122 0.015092 1.000000
-0.247422 -0.262123 -0.033331 0.000000
0.716627 0.258870 -0.028598 1.000000
0.118098 0.195865 -0.065267 1.000000
0.063670 -0.357173 0.036001 0.000000
-0.624396 0.469392 0.120020 1.000000
-0.249849 -0.117787 -0.115398 0.000000
-0.136391 -0.373483 0.043145 0.000000
0.063649 0.377899 0.060818 1.000000
-0.300119 -0.317928 0.002256 0.000000
-0.729049 -0.114661 -0.116853 0.000000
0.757927 -0.074523 -0.147292 0.000000
0.643374 0.382491 0.061219 1.000000
-0.085680 0.221556 -0.049104 1.000000
-0.566918 0.084020 -0.129677 1.000000
0.281622 -0.192623 -0.063607 0.000000
0.763174 -0.295480 -0.006966 0.000000
-0.411350 -0.001681 -0.182280 1.000000
0.711569 -0.384870 0.046393 0.000000
-0.317739 -0.442092 0.087638 0.000000
0.226270 0.498687 0.138715 1.000000
-0.415062 -0.521764 0.139084 0.000000
-0.190599 0.176176 -0.086916 1.000000
-0.784408 0.362399 0.043043 1.000000
0.396763 0.200305 -0.064109 1.000000
0.447495 0.159393 -0.092139 1.000000
-0.512397 0.287178 -0.018084 1.000000
0.335863 -0.112978 -0.130773 0.000000
-0.250836 0.568274 0.166093 1.000000
0.755237 0.113560 -0.112169 1.000000
-0.087886 0.073097 -0.156858 1.000000
0.069064 -0.385520 0.045962 0.000000
-0.249849 -0.117787 -0.115398 0.000000
0.599224 0.201707 -0.060545 1.000000
0.548434 0.469392 0.112260 1.000000
-0.310719 0.355964 0.044001 1.000000
-0.672879 0.492887 0.123302 1.000000
-0.088817 0.469991 0.105133 1.000000
-0.790385 -0.459773 0.101163 0.000000
0.493201 -0.371337 0.032597 0.000000
0.071883 0.339613 0.025190 1.000000
0.063649 0.377899 0.060818 1.000000
0.172541 -0.227598 -0.044834 0.000000
-0.033607 -0.569047 0.172360 0.000000
0.332349 0.189187 -0.086042 1.000000
0.234046 -0.236148 -0.030175 0.000000
0.596017 0.465960 0.113659 1.000000
0.542977 0.281002 -0.007832 1.000000
0.126321 0.575750 0.186088 1.000000
-0.145070 -0.587611 0.188287 0.000000
0.548854 -0.570263 0.172839 0.000000
0.012062 -0.080092 -0.142160 0.000000
0.601663 -0.093170 -0.133038 0.000000
-0.306048 0.508937 0.154407 1.000000
0.070103 0.400513 0.075118 1.000000
0.338766 -0.491116 0.132404 0.000000
0.551988 0.519182 0.162685 1.000000
-0.726946 -0.485960 0.112762 0.000000
-0.517896 0.378294 0.050033 1.000000
-0.254928 0.481241 0.112233 1.000000
0.432694 -0.167105 -0.094499 0.000000
0.283927 -0.214401 -0.063791 0.000000
0.386685 -0.098067 -0.138757 0.000000
0.074208 0.254851 -0.027802 1.000000
0.763956 -0.523169 0.142347 0.000000
0.397856 -0.003220 -0.197170 1.000000
-0.299714 -0.328084 0.008285 0.000000
0.435852 -0.372853 0.043154 0.000000
0.658761 -0.181447 -0.086072 0.000000
0.657462 -0.031650 -0.181234 0.000000
0.444094 0.304091 0.017505 1.000000
-0.405786 -0.433812 0.088261 0.000000
0.764284 -0.366406 0.033655 0.000000
0.603735 0.458683 0.109497 1.000000
0.066400 0.210431 -0.052747 1.000000
-0.307823 -0.141110 -0.101132 0.000000
-0.460489 -0.471077 0.092916 0.000000
-0.683550 -0.069291 -0.156489 0.000000
0.174752 -0.483121 0.116238 0.000000
-0.729328 0.036605 -0.165208 1.000000
0.173222 0.033726 -0.171078 1.000000
0.388403 0.078072 -0.139712 1.000000
-0.451050 -0.094379 -0.152834 0.000000
-0.090081 0.378192 0.053491 1.000000
-0.613059 -0.575672 0.181638 0.000000
0.554038 -0.215080 -0.061839 0.000000
-0.460892 -0.229222 -0.042758 0.000000
0.550274 0.333247 0.034343 1.000000
-0.407444 -0.406898 0.079250 0.000000
0.598884 0.082906 -0.148953 1.000000
0.647861 -0.273961 -0.022602 0.000000
-0.414554 -0.435484 0.077096 0.000000
0.553002 -0.305084 -0.013411 0.000000
-0.618861 0.419140 0.091624 1.000000
0.336552 -0.181188 -0.068218 0.000000
-0.740807 -0.553135 0.157844 0.000000
0.553088 0.364877 0.041329 1.000000
0.663111 0.432643 0.091184 1.000000
0.759859 0.583135 0.196855 1.000000
-0.517087 -0.286175 -0.021365 0.000000
0.657462 -0.031650 -0.181234 0.000000
0.554071 0.264552 -0.023112 1.000000
-0.720101 0.307769 0.011856 1.000000
-0.675445 -0.212486 -0.062156 0.000000
0.335575 0.155442 -0.087814 1.000000
0.719917 0.607606 0.198578 1.000000
0.007850 0.412515 0.085554 1.000000
-0.512026 0.527982 0.143221 1.000000
-0.569792 -0.105629 -0.135544 0.000000
-0.515638 -0.101759 -0.133677 0.000000
-0.677131 0.525774 0.144036 1.000000
-0.710104 0.360286 0.042253 1.000000
0.127461 -0.087836 -0.133644 0.000000
0.293762 -0.006099 -0.191470 1.000000
0.542977 0.281002 -0.007832 1.000000
0.241957 -0.074542 -0.152888 0.000000
0.492503 -0.129969 -0.126831 0.000000
0.111589 -0.119671 -0.115639 0.000000
-0.452688 0.208686 -0.052506 1.000000
0.227170 0.003207 -0.195813 1.000000
-0.512026 0.527982 0.143221 1.000000
-0.094117 0.202927 -0.052746 1.000000
0.108859 -0.297339 -0.007356 0.000000
-0.732137 -0.254154 -0.027142 0.000000
0.273974 -0.489329 0.120830 0.000000
-0.031012 -0.108613 -0.131193 0.000000
-0.250410 -0.573927 0.173010 0.000000
0.227899 0.143005 -0.100354 1.000000
0.491347 -0.295366 -0.011871 0.000000
-0.200709 -0.172141 -0.085035 0.000000
-0.095825 -0.425248 0.071369 0.000000
-0.412154 0.428875 0.099202 1.000000
0.131628 0.558759 0.163869 1.000000
-0.561300 0.056473 -0.154138 1.000000
0.608477 0.112240 -0.112880 1.000000
-0.197330 0.584667 0.192538 1.000000
-0.517210 -0.057539 -0.162383 0.000000
-0.250836 0.568274 0.166093 1.000000
-0.031472 -0.375428 0.057498 0.000000
0.057749 0.299050 -0.005061 1.000000
0.118308 0.236684 -0.035399 1.000000
-0.670633 0.556120 0.171508 1.000000
0.653602 -0.190881 -0.073237 0.000000
0.711166 -0.006705 -0.201359 0.000000
0.761296 0.049312 -0.163084 1.000000
-0.569184 0.390225 0.071527 1.000000
-0.303216 -0.543123 0.155453 0.000000
-0.615436 0.262932 -0.027475 1.000000
-0.037233 -0.326697 0.006322 0.000000
-0.243866 0.451155 0.111711 1.000000
-0.353548 0.446171 0.098344 1.000000
-0.403840 -0.109025 -0.117584 0.000000
0.716288 -0.433450 0.076051 0.000000
0.759510 -0.444842 0.089881 0.000000
0.108859 -0.297339 -0.007356 0.000000
-0.517178 -0.609049 0.186494 0.000000
0.644580 -0.091922 -0.132920 0.000000
-0.304777 -0.566079 0.180143 0.000000
0.118308 0.236684 -0.035399 1.000000
-0.091736 0.502513 0.138677 1.000000
0.338766 -0.491116 0.132404 0.000000
0.344078 0.419437 0.084567 1.000000
0.751784 -0.095554 -0.138807 0.000000
-0.097270 0.053455 -0.171781 1.000000
-0.355085 0.318913 0.019156 1.000000
-0.628213 -0.116797 -0.130673 0.000000
0.015481 -0.576411 0.175840 0.000000
0.025958 0.375015 0.052011 1.000000
0.281719 -0.513200 0.136791 0.000000
-0.193907 -0.193184 -0.073700 0.000000
-0.198364 0.558107 0.171069 1.000000
-0.354509 -0.111714 -0.115849 0.000000
-0.520832 -0.346021 0.014845 0.000000
-0.366903 0.520206 0.139884 1.000000
0.178426 0.590219 0.187620 1.000000
0.439775 -0.434179 0.084945 0.000000
0.016341 -0.143194 -0.105815 0.000000
0.715634 0.365646 0.053761 1.000000
0.330207 -0.199502 -0.071392 0.000000
-0.081572 -0.445112 0.099120 0.000000
0.177240 0.584899 0.180316 1.000000
0.173491 0.055459 -0.156505 1.000000
-0.138337 0.266317 -0.024322 1.000000
0.071144 0.115081 -0.118590 1.000000
-0.461807 0.230813 -0.039576 1.000000
0.553652 -0.074712 -0.150384 0.000000
0.591593 0.000782 -0.187129 1.000000
-0.297546 -0.508540 0.141586 0.000000
0.129546 -0.521848 0.148993 0.000000
0.070062 0.587843 0.184418 1.000000
0.131628 0.558759 0.163869 1.000000
-0.519825 -0.472771 0.113151 0.000000
-0.139162 -0.384953 0.050008 0.000000
0.069218 0.368714 0.043976 1.000000
-0.090081 0.378192 0.053491 1.000000
-0.150085 0.426275 0.093470 1.000000
0.223403 -0.261639 -0.023962 0.000000
-0.617835 -0.192672 -0.084857 0.000000
0.657561 -0.217682 -0.055015 0.000000
0.072519 -0.369224 0.036439 0.000000
-0.299938 0.095410 -0.123394 1.000000
0.224442 0.206484 -0.068601 1.000000
-0.406054 0.056759 -0.156031 1.000000
-0.676931 -0.116753 -0.135434 0.000000
-0.720961 -0.079277 -0.142323 0.000000
-0.462393 -0.527016 0.141202 0.000000
0.763242 -0.388458 0.043194 0.000000
0.604831 -0.076945 -0.141308 0.000000
-0.143220 -0.223856 -0.041458 0.000000
-0.778714 -0.112442 -0.122714 0.000000
0.073718 -0.197576 -0.075627 0.000000
0.716627 0.258870 -0.028598 1.000000
-0.047709 0.525165 0.153058 1.000000
-0.566918 0.084020 -0.129677 1.000000
0.496373 0.375999 0.056565 1.000000
-0.141514 -0.469305 0.107225 0.000000
-0.308441 -0.346411 0.027651 0.000000
-0.090703 -0.354113 0.037685 0.000000
-0.517210 -0.057539 -0.162383 0.000000
0.397856 -0.003220 -0.197170 1.000000
-0.571710 -0.244003 -0.047559 0.000000
0.389218 -0.479298 0.113381 0.000000
-0.091561 0.190874 -0.070133 1.000000
0.332399 -0.254315 -0.028403 0.000000
0.222354 0.330797 0.018242 1.000000
0.598910 -0.478684 0.110813 0.000000
0.070873 -0.326386 0.013186 0.000000
0.708646 -0.543185 0.161176 0.000000
0.342414 -0.614893 0.203707 0.000000
-0.585317 -0.399331 0.051894 0.000000
-0.139319 -0.478672 0.119007 0.000000
0.656745 -0.348615 0.031897 0.000000
0.181202 0.561960 0.166796 1.000000
-0.727063 0.140490 -0.094962 1.000000
-0.406091 0.385728 0.055541 1.000000
0.332742 -0.423383 0.074866 0.000000
-0.787325 -0.106584 -0.138607 0.000000
-0.142906 0.425612 0.082702 1.000000
0.659109 0.113236 -0.112843 1.000000
0.548700 -0.061065 -0.169920 0.000000
-0.796406 0.540130 0.159273 1.000000
-0.032478 -0.362602 0.036848 0.000000
0.760324 0.495886 0.134261 1.000000
0.023382 -0.318328 0.001534 0.000000
-0.452636 0.338634 0.040063 1.000000
0.018508 0.387419 0.050386 1.000000
0.173406 0.570225 0.192276 1.000000
0.552139 0.415840 0.080873 1.000000
0.387494 -0.257214 -0.034261 0.000000
0.711098 0.440959 0.085073 1.000000
-0.254928 0.481241 0.112233 1.000000
0.493847 -0.165938 -0.096474 0.000000
0.765131 -0.482684 0.110748 0.000000
0.062928 -0.401134 0.061818 0.000000
-0.408849 -0.423498 0.078898 0.000000
-0.086237 0.264206 -0.014393 1.000000
-0.036828 0.058305 -0.142691 1.000000
0.768642 0.136929 -0.092520 1.000000
0.441080 0.166956 -0.087358 1.000000
0.606039 0.489402 0.130169 1.000000
-0.615497 -0.399152 0.055123 0.000000
-0.257589 0.178432 -0.073134 1.000000
-0.301150 -0.191278 -0.086870 0.000000
-0.200709 -0.172141 -0.085035 0.000000
0.280547 -0.088134 -0.141982 0.000000
0.706782 -0.053989 -0.169156 0.000000
-0.740807 -0.553135 0.157844 0.000000
0.504615 0.164271 -0.077722 1.000000
-0.031012 -0.108613 -0.131193 0.000000
-0.406054 0.056759 -0.156031 1.000000
0.440819 0.266103 -0.012933 1.000000
0.544973 0.136965 -0.109534 1.000000
0.388565 0.121933 -0.114604 1.000000
-0.671335 0.050238 -0.164572 1.000000
0.444094 0.304091 0.017505 1.000000
0.331195 -0.191168 -0.078508 0.000000
0.065432 0.104519 -0.119172 1.000000
-0.085680 0.221556 -0.049104 1.000000
-0.404497 0.236612 -0.028162 1.000000
0.014450 0.220484 -0.042548 1.000000
-0.311000 -0.026800 -0.171454 0.000000
0.074161 0.173921 -0.082500 1.000000
0.658780 -0.358196 0.031604 0.000000
0.335575 0.155442 -0.087814 1.000000
-0.090081 0.378192 0.053491 1.000000
0.129238 -0.307504 -0.003202 0.000000
-0.243539 0.396392 0.070344 1.000000
-0.411350 -0.001681 -0.182280 1.000000
-0.307577 0.247318 -0.036626 1.000000
-0.616678 -0.432407 0.083817 0.000000
0.340275 -0.534042 0.144963 0.000000
-0.360221 -0.547483 0.157956 0.000000
0.447929 0.397339 0.057430 1.000000
0.592321 -0.022840 -0.179693 0.000000
0.540643 -0.523567 0.137774 0.000000
-0.139319 -0.478672 0.119007 0.000000
-0.729328 0.036605 -0.165208 1.000000
0.391816 -0.066815 -0.162475 0.000000
-0.042681 -0.191403 -0.075815 0.000000
-0.304777 -0.566079 0.180143 0.000000
0.389218 -0.479298 0.113381 0.000000
0.011595 -0.546103 0.168675 0.000000
0.079011 0.568389 0.180181 1.000000
0.710611 -0.295331 -0.004554 0.000000
0.281719 -0.513200 0.136791 0.000000
0.326738 0.243340 -0.029399 1.000000
-0.200709 -0.172141 -0.085035 0.000000
-0.142661 0.211343 -0.059065 1.000000
-0.561647 0.034378 -0.165733 1.000000
0.657265 0.446665 0.095308 1.000000
-0.295761 -0.162006 -0.099583 0.000000
0.114398 0.584797 0.176974 1.000000
0.444508 0.336241 0.017170 1.000000
0.381400 0.060456 -0.163173 1.000000
-0.458091 0.568095 0.166921 1.000000
-0.043544 -0.171502 -0.083585 0.000000
0.241957 -0.074542 -0.152888 0.000000
-0.740391 -0.590344 0.184948 0.000000
0.384723 0.289787 -0.003320 1.000000
-0.569792 -0.105629 -0.135544 0.000000
-0.627924 0.420639 0.082183 1.000000
0.015294 0.535597 0.159725 1.000000
0.123412 0.530922 0.160375 1.000000
-0.313546 0.110080 -0.121386 1.000000
0.701785 -0.368233 0.026270 0.000000
-0.199817 -0.397675 0.058749 0.000000
0.756292 -0.318614 0.019442 0.000000
0.553979 -0.225391 -0.063106 0.000000
-0.625569 -0.108009 -0.136721 0.000000
0.450811 0.263176 -0.021478 1.000000
-0.156449 0.390407 0.069153 1.000000
-0.568228 0.022355 -0.177237 1.000000
-0.664704 0.203361 -0.058124 1.000000
0.014322 0.019292 -0.178287 1.000000
0.548700 -0.061065 -0.169920 0.000000
-0.531542 0.613967 0.187205 1.000000
-0.726088 0.001678 -0.198614 1.000000
-0.412784 -0.562068 0.158118 0.000000
-0.083708 -0.143776 -0.098702 0.000000
0.125011 0.370287 0.040981 1.000000
0.546351 0.152816 -0.095982 1.000000
0.446984 0.444470 0.100283 1.000000
0.125082 0.072342 -0.160404 1.000000
-0.348006 0.150795 -0.104808 1.000000
-0.565863 -0.101120 -0.137933 0.000000
0.442286 0.011550 -0.179745 1.000000
-0.404098 0.234309 -0.035369 1.000000
-0.040173 0.479999 0.127426 1.000000
0.397679 0.319212 0.008594 1.000000
0.761645 0.065180 -0.147657 1.000000
0.123472 -0.198452 -0.066596 0.000000
0.017148 0.043589 -0.157974 1.000000
-0.617835 -0.192672 -0.084857 0.000000
0.229806 -0.042896 -0.176257 0.000000
-0.779664 -0.493447 0.126213 0.000000
-0.044104 0.427869 0.095986 1.000000
-0.673454 -0.558662 0.179564 0.000000
-0.517195 0.438805 0.096154 1.000000
-0.682590 -0.574719 0.172452 0.000000
-0.090185 -0.469407 0.107822 0.000000
0.602640 0.109752 -0.122430 1.000000
-0.364714 -0.283561 -0.014234 0.000000
-0.353864 0.199329 -0.055593 1.000000
-0.090085 -0.411812 0.059699 0.000000
-0.473979 0.238767 -0.038924 1.000000
0.027850 0.285390 -0.014640 1.000000
0.070535 0.156059 -0.100590 1.000000
0.552962 0.141430 -0.100587 1.000000
0.496919 0.356005 0.039232 1.000000
0.651189 -0.503485 0.137984 0.000000
0.278799 0.400678 0.074379 1.000000
-0.250794 -0.243928 -0.051329 0.000000
0.456974 -0.021681 -0.189392 0.000000
0.608833 0.326616 0.018387 1.000000
-0.460489 -0.471077 0.092916 0.000000
0.653272 0.062251 -0.160822 1.000000
-0.256205 -0.509988 0.133720 0.000000
0.439569 0.462041 0.115957 1.000000
0.081119 0.089243 -0.113646 1.000000
-0.297134 0.511056 0.145550 1.000000
-0.254928 0.481241 0.112233 1.000000
0.651470 0.447754 0.103989 1.000000
0.603433 0.032184 -0.170902 1.000000
-0.032679 0.318322 0.006481 1.000000
0.616035 0.433912 0.088071 1.000000
0.230102 0.146228 -0.103033 1.000000
-0.248333 -0.135515 -0.115478 0.000000
-0.194932 -0.456282 0.101658 0.000000
-0.194932 -0.456282 0.101658 0.000000
0.342901 0.488790 0.121101 1.000000
-0.733198 -0.492021 0.113985 0.000000
0.015294 0.535597 0.159725 1.000000
0.665061 0.284023 -0.000238 1.000000
-0.038456 -0.033650 -0.187249 0.000000
0.705099 -0.422845 0.089368 0.000000
0.788955 -0.325911 0.016743 0.000000
0.343163 -0.125559 -0.120594 0.000000
0.134231 -0.479446 0.108443 0.000000
0.342303 0.480906 0.121161 1.000000
0.657462 -0.031650 -0.181234 0.000000
-0.194675 -0.350048 0.023589 0.000000
-0.777123 -0.602449 0.182028 0.000000
0.226082 -0.577886 0.176930 0.000000
0.764284 -0.366406 0.033655 0.000000
-0.462515 -0.287252 -0.020506 0.000000
0.493363 -0.297064 0.004249 0.000000
0.542977 0.281002 -0.007832 1.000000
0.386855 0.230833 -0.031413 1.000000
-0.351035 -0.531414 0.158956 0.000000
0.176015 -0.161888 -0.090169 0.000000
0.069935 0.366019 0.035419 1.000000
-0.577642 0.279096 -0.004893 1.000000
-0.292210 -0.197924 -0.075749 0.000000
-0.679499 -0.488808 0.109021 0.000000
-0.291430 0.587783 0.192338 1.000000
-0.725478 -0.534599 0.143946 0.000000
-0.142661 0.211343 -0.059065 1.000000
-0.731512 -0.535613 0.151740 0.000000
0.385568 0.258324 -0.025665 1.000000
-0.521814 -0.459205 0.111157 0.000000
0.603633 0.329318 0.021353 1.000000
0.764230 -0.296289 -0.005880 0.000000
-0.731653 0.235405 -0.045866 1.000000
-0.043152 0.214220 -0.061089 1.000000
0.759510 -0.444842 0.089881 0.000000
0.763499 -0.083019 -0.148089 0.000000
0.285348 -0.242802 -0.041796 0.000000
0.390395 0.273274 -0.015937 1.000000
-0.040334 0.505292 0.133717 1.000000
0.651470 0.447754 0.103989 1.000000
0.227958 -0.046923 -0.165741 0.000000
0.124440 -0.143083 -0.115785 0.000000
-0.135532 0.307888 0.008957 1.000000
-0.148447 0.451669 0.092038 1.000000
0.765648 -0.439119 0.087831 0.000000
-0.357988 -0.337711 0.030093 0.000000
-0.615497 -0.399152 0.055123 0.000000
-0.575900 -0.006519 -0.193590 1.000000
0.659109 -0.313730 0.007539 0.000000
0.184877 -0.356798 0.043506 0.000000
-0.250410 -0.573927 0.173010 0.000000
-0.733611 -0.404754 0.074037 0.000000
-0.782257 -0.243299 -0.044931 0.000000
0.120321 0.030456 -0.173611 1.000000
-0.243866 0.451155 0.111711 1.000000
-0.779000 -0.527122 0.156323 0.000000
-0.562380 -0.150110 -0.098189 0.000000
0.227404 -0.218458 -0.056513 0.000000
0.396499 0.217855 -0.053163 1.000000
-0.572587 0.155182 -0.076057 1.000000
0.444066 0.485332 0.126614 1.000000
-0.037907 0.252966 -0.033028 1.000000
-0.137612 -0.260550 -0.043635 0.000000
-0.037620 0.346086 0.041097 1.000000
0.401064 0.339952 0.036188 1.000000
-0.409583 -0.115855 -0.122466 0.000000
0.172248 0.332629 0.028914 1.000000
-0.297134 0.511056 0.145550 1.000000
0.016176 0.255422 -0.019941 1.000000
-0.612897 0.309008 0.006860 1.000000
0.229847 0.366812 0.041743 1.000000
-0.190234 0.305840 0.009197 1.000000
0.131354 -0.114237 -0.124756 0.000000
-0.667805 0.209815 -0.051275 1.000000
-0.574057 0.602654 0.200165 1.000000
0.185503 0.198611 -0.066988 1.000000
-0.198007 -0.450170 0.084274 0.000000
0.335575 0.155442 -0.087814 1.000000
0.016176 0.255422 -0.019941 1.000000
0.290880 0.001271 -0.188166 1.000000
-0.141514 -0.469305 0.107225 0.000000
0.450894 0.603561 0.215773 1.000000
0.281281 -0.442341 0.086905 0.000000
-0.563274 0.104535 -0.121565 1.000000
-0.503688 -0.549618 0.153731 0.000000
-0.296314 0.031583 -0.169253 1.000000
-0.148842 0.083163 -0.133572 1.000000
0.015905 0.325285 0.027222 1.000000
0.019212 -0.520422 0.140388 0.000000
0.340910 0.551044 0.170902 1.000000
0.439827 -0.181028 -0.086906 0.000000
-0.732137 -0.254154 -0.027142 0.000000
0.554038 -0.215080 -0.061839 0.000000
-0.631712 -0.497231 0.124010 0.000000
-0.192668 -0.453940 0.099068 0.000000
-0.095741 -0.048945 -0.171459 0.000000
0.546162 0.465754 0.117992 1.000000
0.713908 0.532462 0.156223 1.000000
-0.730733 0.503100 0.140523 1.000000
0.119965 -0.558239 0.161896 0.000000
-0.527616 -0.442876 0.086816 0.000000
-0.086686 0.462664 0.098803 1.000000
0.179268 0.307463 0.010155 1.000000
0.279609 0.203899 -0.065773 1.000000
0.284190 0.549122 0.159828 1.000000
-0.613059 -0.575672 0.181638 0.000000
0.494330 -0.390731 0.052495 0.000000
0.397734 0.166271 -0.081731 1.000000
0.181611 -0.175670 -0.088789 0.000000
-0.155101 0.103721 -0.118764 1.000000
-0.353185 0.024129 -0.183599 1.000000
0.179268 0.307463 0.010155 1.000000
-0.205196 -0.106871 -0.118469 0.000000
0.186195 0.038943 -0.165809 1.000000
0.278355 -0.459108 0.102181 0.000000
-0.361046 -0.489611 0.115034 0.000000
-0.140064 0.282402 -0.005377 1.000000
-0.038456 -0.033650 -0.187249 0.000000
0.546351 0.152816 -0.095982 1.000000
-0.515638 -0.101759 -0.133677 0.000000
0.074979 0.527098 0.158312 1.000000
0.442286 0.011550 -0.179745 1.000000
-0.571958 0.161819 -0.079647 1.000000
-0.562380 -0.150110 -0.098189 0.000000
0.446984 0.444470 0.100283 1.000000
-0.357988 -0.337711 0.030093 0.000000
0.281570 0.594216 0.191732 1.000000
0.228981 0.271651 -0.018118 1.000000
-0.204062 0.218977 -0.052476 1.000000
0.114398 0.584797 0.176974 1.000000
0.177240 0.584899 0.180316 1.000000
0.658650 -0.062112 -0.159676 0.000000
0.383610 0.272731 -0.026552 1.000000
0.446618 -0.222801 -0.054298 0.000000
0.237962 0.229653 -0.042848 1.000000
-0.309644 0.216001 -0.051742 1.000000
0.278060 0.541722 0.170503 1.000000
-0.040334 0.505292 0.133717 1.000000
0.381064 -0.273244 -0.020350 0.000000
0.764828 -0.520455 0.138523 0.000000
-0.141316 -0.519485 0.145410 0.000000
-0.520547 0.229583 -0.036110 1.000000
0.656173 -0.594576 0.183241 0.000000
0.446261 -0.235265 -0.048382 0.000000
0.394137 0.424295 0.084270 1.000000
0.332755 -0.107958 -0.129764 0.000000
-0.103798 0.120439 -0.107022 1.000000
-0.676922 0.198571 -0.058196 1.000000
-0.296058 -0.143481 -0.109114 0.000000
0.598884 0.082906 -0.148953 1.000000
0.663432 -0.357807 0.031452 0.000000
0.171943 -0.219161 -0.047635 0.000000
0.074402 -0.390006 0.052835 0.000000
0.331551 -0.172896 -0.090331 0.000000
0.174752 -0.483121 0.116238 0.000000
-0.038151 0.084316 -0.145697 1.000000
0.764367 -0.434613 0.075513 0.000000
-0.031472 -0.375428 0.057498 0.000000
-0.027167 -0.134081 -0.114450 0.000000
-0.301559 0.131463 -0.109844 1.000000
0.330588 -0.268490 -0.025930 0.000000
-0.250410 -0.573927 0.173010 0.000000
0.383218 -0.249385 -0.040397 0.000000
-0.348006 0.150795 -0.104808 1.000000
0.380284 -0.045475 -0.158889 0.000000
0.651189 -0.503485 0.137984 0.000000
-0.188794 0.184813 -0.077596 1.000000
0.337448 0.180687 -0.071570 1.000000
-0.409583 -0.115855 -0.122466 0.000000
0.118308 0.236684 -0.035399 1.000000
-0.613739 -0.441267 0.079425 0.000000
0.715954 -0.225142 -0.060378 0.000000
0.592321 -0.022840 -0.179693 0.000000
-0.621372 -0.027678 -0.188244 0.000000
0.067080 -0.580984 0.182757 0.000000
-0.677133 -0.288720 -0.014288 0.000000
0.604831 -0.076945 -0.141308 0.000000
0.226746 0.284661 -0.007204 1.000000
-0.779000 -0.527122 0.156323 0.000000
0.495276 0.062502 -0.155799 1.000000
0.709588 0.063657 -0.155740 1.000000
-0.626912 -0.200960 -0.067785 0.000000
-0.784243 0.101272 -0.122103 1.000000
-0.403840 -0.109025 -0.117584 0.000000
0.444665 0.481176 0.121648 1.000000
0.078185 0.497520 0.138425 1.000000
0.596567 -0.329614 0.011809 0.000000
-0.414554 -0.435484 0.077096 0.000000
0.074979 0.527098 0.158312 1.000000
0.444508 0.336241 0.017170 1.000000
0.551251 0.007211 -0.179069 1.000000
-0.203121 -0.396804 0.064441 0.000000
0.278799 0.400678 0.074379 1.000000
0.659109 0.113236 -0.112843 1.000000
-0.676755 -0.166826 -0.093714 0.000000
0.020876 -0.129082 -0.119257 0.000000
0.504615 0.164271 -0.077722 1.000000
0.329295 -0.136757 -0.111696 0.000000
-0.464573 -0.393776 0.059633 0.000000
0.013348 -0.308477 -0.004782 0.000000
0.597030 -0.226208 -0.048937 0.000000
-0.561068 0.195892 -0.070939 1.000000
-0.727393 -0.113271 -0.124346 0.000000
-0.350875 0.201301 -0.058951 1.000000
-0.142661 0.211343 -0.059065 1.000000
-0.631212 0.260381 -0.028807 1.000000
-0.146904 0.028665 -0.193762 1.000000
-0.139856 -0.301943 0.003014 0.000000
-0.664259 0.564553 0.179011 1.000000
0.076941 0.263284 -0.026387 1.000000
-0.564894 -0.330922 -0.000260 0.000000
-0.727393 -0.113271 -0.124346 0.000000
-0.519825 -0.472771 0.113151 0.000000
0.650139 0.599809 0.180970 1.000000
-0.556409 -0.257829 -0.039181 0.000000
0.490244 0.117012 -0.116854 1.000000
-0.254928 0.481241 0.112233 1.000000
-0.353864 0.199329 -0.055593 1.000000
0.384368 -0.596130 0.184886 0.000000
-0.086686 0.462664 0.098803 1.000000
-0.460489 -0.471077 0.092916 0.000000
0.764367 -0.434613 0.075513 0.000000
-0.240281 -0.377648 0.048286 0.000000
-0.615497 -0.399152 0.055123 0.000000
0.443669 0.555704 0.165924 1.000000
0.185275 0.190461 -0.074518 1.000000
0.068103 0.182551 -0.083717 1.000000
-0.092121 -0.100325 -0.140134 0.000000
0.331192 -0.424630 0.073347 0.000000
0.121870 -0.203052 -0.064312 0.000000
-0.682590 -0.574719 0.172452 0.000000
0.070062 0.587843 0.184418 1.000000
-0.673312 0.140444 -0.099093 1.000000
0.439569 0.462041 0.115957 1.000000
-0.473979 0.238767 -0.038924 1.000000
-0.304081 -0.521074 0.152714 0.000000
0.716288 -0.433450 0.076051 0.000000
0.234671 -0.193383 -0.076787 0.000000
-0.783733 0.587219 0.185140 1.000000
-0.779000 -0.527122 0.156323 0.000000
0.330588 -0.268490 -0.025930 0.000000
-0.520404 -0.471175 0.105845 0.000000
0.011893 -0.307336 0.005052 0.000000
-0.142661 0.211343 -0.059065 1.000000
-0.683165 -0.575087 0.178318 0.000000
-0.151148 0.112267 -0.124185 1.000000
-0.308760 -0.139763 -0.108541 0.000000
0.124576 -0.248901 -0.042001 0.000000
-0.200837 -0.304381 0.001716 0.000000
-0.038151 0.084316 -0.145697 1.000000
-0.363517 0.146247 -0.092846 1.000000
0.063670 -0.357173 0.036001 0.000000
-0.038151 0.084316 -0.145697 1.000000
-0.091309 0.430091 0.081062 1.000000
0.177240 0.584899 0.180316 1.000000
-0.156449 0.390407 0.069153 1.000000
-0.040173 0.479999 0.127426 1.000000
0.663682 -0.163067 -0.081195 0.000000
-0.567693 0.222880 -0.059566 1.000000
-0.617290 -0.455948 0.100831 0.000000
0.278074 -0.365227 0.039260 0.000000
0.327558 -0.314751 -0.007735 0.000000
0.602980 0.535887 0.159742 1.000000
-0.299714 -0.328084 0.008285 0.000000
-0.569779 0.491147 0.121304 1.000000
-0.091309 0.430091 0.081062 1.000000
-0.510634 -0.247990 -0.035725 0.000000
-0.628213 -0.116797 -0.130673 0.000000
-0.078227 0.589240 0.182220 1.000000
0.339868 -0.354094 0.012253 0.000000
0.067080 -0.580984 0.182757 0.000000
-0.576974 0.246685 -0.037875 1.000000
0.379560 -0.437998 0.086478 0.000000
0.496323 -0.436107 0.082827 0.000000
-0.675445 -0.212486 -0.062156 0.000000
-0.253155 -0.551905 0.158329 0.000000
0.277029 -0.517351 0.148925 0.000000
0.027850 0.285390 -0.014640 1.000000
0.764828 -0.520455 0.138523 0.000000
-0.515844 0.555883 0.172208 1.000000
0.597631 -0.246374 -0.033038 0.000000
0.167616 -0.451480 0.092209 0.000000
0.224442 0.206484 -0.068601 1.000000
0.391490 -0.408010 0.076441 0.000000
0.606761 -0.459343 0.098769 0.000000
0.764284 -0.366406 0.033655 0.000000
0.712939 -0.543090 0.150335 0.000000
-0.729049 -0.114661 -0.116853 0.000000
0.291905 0.055472 -0.163309 1.000000
0.377430 -0.164891 -0.091424 0.000000
0.059587 -0.590374 0.191828 0.000000
0.654523 0.333097 0.024105 1.000000
0.108859 -0.297339 -0.007356 0.000000
0.549644 -0.427533 0.081701 0.000000
0.709903 0.436274 0.101669 1.000000
-0.459751 0.285600 -0.013038 1.000000
0.550683 0.204367 -0.062388 1.000000
0.553002 -0.305084 -0.013411 0.000000
-0.412240 0.049789 -0.158373 1.000000
0.227899 0.143005 -0.100354 1.000000
0.331302 0.440311 0.099686 1.000000
-0.410543 -0.590277 0.191131 0.000000
-0.192148 0.296571 -0.005780 1.000000
0.443858 0.254771 -0.021230 1.000000
-0.474687 -0.291614 -0.005141 0.000000
0.122043 -0.090386 -0.143160 0.000000
-0.617835 -0.319592 0.010063 0.000000
0.290880 0.001271 -0.188166 1.000000
0.223748 -0.450925 0.096895 0.000000
-0.140673 -0.448087 0.097029 0.000000
-0.726034 0.190870 -0.072853 1.000000
0.505170 0.326724 0.025953 1.000000
-0.463565 -0.570666 0.177034 0.000000
-0.521814 -0.459205 0.111157 0.000000
-0.200709 -0.172141 -0.085035 0.000000
0.435724 -0.203061 -0.064558 0.000000
-0.404497 0.236612 -0.028162 1.000000
0.186195 0.038943 -0.165809 1.000000
0.227630 0.581619 0.176021 1.000000
-0.240281 -0.377648 0.048286 0.000000
0.389692 0.559367 0.176346 1.000000
-0.360064 0.355959 0.044498 1.000000
-0.619508 0.549853 0.186672 1.000000
-0.356387 -0.586302 0.192888 0.000000
-0.678636 -0.203022 -0.060962 0.000000
0.452144 -0.000685 -0.189325 1.000000
-0.408849 -0.423498 0.078898 0.000000
-0.356387 -0.586302 0.192888 0.000000
-0.628633 0.600692 0.203496 1.000000
-0.787100 -0.564509 0.171888 0.000000
0.014141 0.109796 -0.119375 1.000000
-0.773106 -0.531739 0.144793 0.000000
0.186856 -0.356424 0.039808 0.000000
0.649303 -0.354552 0.036821 0.000000
0.283989 0.450218 0.108091 1.000000
0.178607 -0.084930 -0.158699 0.000000
0.011215 0.099209 -0.120564 1.000000
0.128994 -0.578754 0.178184 0.000000
0.227170 0.003207 -0.195813 1.000000
-0.733198 -0.492021 0.113985 0.000000
-0.090081 0.378192 0.053491 1.000000
0.443669 0.555704 0.165924 1.000000
0.550940 -0.022836 -0.178135 0.000000
0.436476 0.391192 0.070830 1.000000
0.652163 0.172046 -0.077832 1.000000
-0.565495 -0.132821 -0.109939 0.000000
0.769558 0.572248 0.184345 1.000000
-0.678636 -0.203022 -0.060962 0.000000
-0.256535 0.341007 0.026026 1.000000
0.120825 0.239879 -0.031536 1.000000
0.490244 0.117012 -0.116854 1.000000
0.184328 0.415859 0.067443 1.000000
-0.419778 -0.355223 0.028484 0.000000
-0.038456 -0.033650 -0.187249 0.000000
-0.623833 0.316515 0.003797 1.000000
-0.566918 0.084020 -0.129677 1.000000
-0.567741 0.203559 -0.063254 1.000000
-0.568945 0.212053 -0.052205 1.000000
0.655594 0.149431 -0.085344 1.000000
0.337448 0.180687 -0.071570 1.000000
-0.672913 -0.236378 -0.043392 0.000000
0.711098 0.440959 0.085073 1.000000
0.007850 0.412515 0.085554 1.000000
0.600999 0.151098 -0.101356 1.000000
-0.674205 0.201699 -0.069871 1.000000
-0.782078 -0.100911 -0.134372 0.000000
0.015822 -0.137993 -0.117322 0.000000
0.008212 -0.443657 0.086661 0.000000
-0.353548 0.446171 0.098344 1.000000
-0.190681 -0.340809 0.020444 0.000000
-0.036302 0.399911 0.063863 1.000000
-0.151981 -0.061423 -0.160527 0.000000
-0.565863 -0.101120 -0.137933 0.000000
0.493847 -0.165938 -0.096474 0.000000
0.600405 -0.013087 -0.204135 1.000000
-0.251510 0.105751 -0.127280 1.000000
-0.190681 -0.340809 0.020444 0.000000
0.343149 -0.266223 -0.029578 0.000000
-0.631791 0.161771 -0.081390 1.000000
-0.346107 0.332932 0.033953 1.000000
-0.188471 0.159822 -0.090088 1.000000
-0.091783 0.507398 0.150682 1.000000
0.076941 0.263284 -0.026387 1.000000
-0.090085 -0.411812 0.059699 0.000000
-0.145181 -0.511927 0.143616 0.000000
0.128754 0.434247 0.087346 1.000000
-0.619037 0.499731 0.140280 1.000000
-0.512397 0.287178 -0.018084 1.000000
0.551251 0.007211 -0.179069 1.000000
-0.637465 0.284664 -0.013273 1.000000
-0.569184 0.390225 0.071527 1.000000
-0.095741 -0.048945 -0.171459 0.000000
0.551904 -0.157499 -0.096633 0.000000
0.495526 -0.153606 -0.109230 0.000000
-0.675331 0.316545 0.017262 1.000000
0.663166 -0.224179 -0.049407 0.000000
0.396499 0.217855 -0.053163 1.000000
-0.095660 0.055840 -0.147890 1.000000
0.174941 0.142385 -0.093687 1.000000
-0.303538 0.138764 -0.105588 1.000000
0.768020 -0.588753 0.187016 0.000000
0.658780 -0.358196 0.031604 0.000000
0.599224 0.201707 -0.060545 1.000000
0.543556 -0.087522 -0.138058 0.000000
-0.521386 -0.558543 0.163803 0.000000
-0.781107 -0.478982 0.113127 0.000000
0.540754 0.082949 -0.145587 1.000000
-0.199281 0.118655 -0.121518 1.000000
-0.351365 0.544868 0.160923 1.000000
0.169366 -0.053220 -0.172400 0.000000
0.711609 -0.083866 -0.145016 0.000000
-0.081572 -0.445112 0.099120 0.000000
-0.249292 0.046507 -0.161081 1.000000
0.383218 -0.249385 -0.040397 0.000000
0.234268 -0.432066 0.082887 0.000000
-0.470747 0.149305 -0.088626 1.000000
0.761645 0.065180 -0.147657 1.000000
0.716288 -0.433450 0.076051 0.000000
0.602980 0.535887 0.159742 1.000000
0.335852 -0.146081 -0.098093 0.000000
-0.351035 -0.531414 0.158956 0.000000
-0.360221 -0.547483 0.157956 0.000000
0.014450 0.220484 -0.042548 1.000000
-0.151316 -0.291161 -0.003015 0.000000
-0.458259 0.037168 -0.168954 1.000000
-0.090445 0.171854 -0.080189 1.000000
0.489566 -0.526808 0.139819 0.000000
0.592321 -0.022840 -0.179693 0.000000
-0.194675 -0.350048 0.023589 0.000000
-0.091783 0.507398 0.150682 1.000000
0.390395 0.273274 -0.015937 1.000000
-0.188471 0.159822 -0.090088 1.000000
-0.742154 -0.343684 0.037290 0.000000
-0.248026 -0.191814 -0.087225 0.000000
0.647861 -0.273961 -0.022602 0.000000
-0.561300 0.056473 -0.154138 1.000000
0.018032 0.590875 0.182385 1.000000
-0.302918 -0.548398 0.171822 0.000000
0.174410 -0.146414 -0.096596 0.000000
-0.777479 0.523020 0.134188 1.000000
0.706880 -0.186994 -0.076964 0.000000
0.228851 -0.097913 -0.144598 0.000000
0.351011 -0.459895 0.096376 0.000000
-0.621343 0.314609 0.015000 1.000000
0.549094 -0.116647 -0.121089 0.000000
0.025958 0.375015 0.052011 1.000000
0.332547 -0.196887 -0.085131 0.000000
0.706880 -0.186994 -0.076964 0.000000
-0.036750 0.462115 0.112415 1.000000
0.543766 -0.489397 0.125764 0.000000
0.075398 -0.505173 0.132675 0.000000
-0.196087 0.007786 -0.188873 1.000000
-0.513232 -0.370354 0.040285 0.000000
0.079011 0.568389 0.180181 1.000000
0.712173 -0.417378 0.076240 0.000000
-0.679499 -0.488808 0.109021 0.000000
0.267271 0.556447 0.182756 1.000000
0.452735 0.008778 -0.192708 1.000000
0.493201 -0.371337 0.032597 0.000000
-0.572514 -0.128998 -0.118366 0.000000
-0.625569 -0.108009 -0.136721 0.000000
0.124139 0.111698 -0.120498 1.000000
-0.460992 0.184129 -0.082908 1.000000
-0.310804 0.407661 0.076394 1.000000
-0.036750 0.462115 0.112415 1.000000
0.186195 0.038943 -0.165809 1.000000
0.064599 0.608060 0.179986 1.000000
0.345815 0.311486 -0.001987 1.000000
0.436736 0.526324 0.149060 1.000000
-0.725474 0.017297 -0.183380 1.000000
0.495119 0.253680 -0.024653 1.000000
-0.664259 0.564553 0.179011 1.000000
-0.413687 0.088562 -0.127664 1.000000
0.181202 0.561960 0.166796 1.000000
0.115128 0.560544 0.175659 1.000000
0.222354 0.330797 0.018242 1.000000
0.763956 -0.523169 0.142347 0.000000
0.706880 -0.186994 -0.076964 0.000000
-0.255023 0.120258 -0.112104 1.000000
0.180973 -0.023435 -0.183379 0.000000
0.074161 0.173921 -0.082500 1.000000
-0.721381 -0.340361 0.011366 0.000000
-0.247184 -0.387313 0.044859 0.000000
0.719917 0.607606 0.198578 1.000000
-0.144112 -0.028914 -0.198501 0.000000
0.129292 -0.243936 -0.044003 0.000000
0.283927 -0.214401 -0.063791 0.000000
0.020336 0.409052 0.069762 1.000000
0.394137 0.424295 0.084270 1.000000
0.383486 -0.002597 -0.187998 1.000000
-0.733611 -0.404754 0.074037 0.000000
-0.517292 -0.065589 -0.150306 0.000000
-0.585317 -0.399331 0.051894 0.000000
0.401412 -0.077242 -0.137209 0.000000
-0.619874 0.220457 -0.044125 1.000000
0.015822 -0.137993 -0.117322 0.000000
0.342414 -0.614893 0.203707 0.000000
-0.568271 0.496979 0.137284 1.000000
-0.090483 -0.574284 0.175512 0.000000
-0.531542 0.613967 0.187205 1.000000
0.604796 0.088304 -0.137067 1.000000
0.174527 -0.296117 -0.016378 0.000000
0.449344 -0.072498 -0.152696 0.000000
-0.083708 -0.143776 -0.098702 0.000000
-0.350379 0.299318 0.010983 1.000000
-0.796406 0.540130 0.159273 1.000000
0.660122 0.509441 0.137999 1.000000
-0.788455 -0.507200 0.135584 0.000000
-0.629905 -0.144802 -0.105439 0.000000
0.069524 -0.121129 -0.125120 0.000000
0.384368 -0.596130 0.184886 0.000000
-0.730733 0.503100 0.140523 1.000000
0.711079 0.203396 -0.059361 1.000000
0.341207 -0.153650 -0.086562 0.000000
0.436120 -0.131961 -0.115393 0.000000
0.016122 -0.024366 -0.190902 0.000000
0.547568 0.555130 0.173572 1.000000
-0.568945 0.212053 -0.052205 1.000000
-0.466707 0.251183 -0.032291 1.000000
-0.524084 0.538342 0.169275 1.000000
-0.561068 0.195892 -0.070939 1.000000
-0.408540 0.205152 -0.069946 1.000000
0.122784 0.040934 -0.174902 1.000000
0.223748 -0.450925 0.096895 0.000000
0.596017 0.465960 0.113659 1.000000
0.444199 0.226089 -0.040792 1.000000
-0.144815 -0.556642 0.154319 0.000000
-0.787595 0.558168 0.180415 1.000000
0.012062 -0.080092 -0.142160 0.000000
0.714351 -0.270341 -0.022542 0.000000
-0.094515 -0.267497 -0.023549 0.000000
-0.617290 -0.455948 0.100831 0.000000
0.658384 -0.354860 0.037977 0.000000
0.550638 -0.487051 0.117924 0.000000
0.763217 0.417851 0.089272 1.000000
0.013348 -0.308477 -0.004782 0.000000
-0.416408 0.165521 -0.087225 1.000000
0.072954 0.308596 -0.002062 1.000000
-0.524891 -0.585998 0.181666 0.000000
0.753894 -0.020309 -0.185460 0.000000
-0.682015 0.516917 0.147732 1.000000
0.068095 0.237995 -0.035717 1.000000
0.291905 0.055472 -0.163309 1.000000
-0.788496 -0.560268 0.169554 0.000000
0.274196 -0.570919 0.172711 0.000000
-0.504720 -0.584829 0.178389 0.000000
0.597235 -0.440529 0.084405 0.000000
0.496124 -0.522256 0.137005 0.000000
-0.092064 0.020818 -0.169755 1.000000
-0.730684 0.441081 0.089206 1.000000
-0.359250 0.439137 0.095550 1.000000
0.338766 -0.491116 0.132404 0.000000
0.493363 -0.297064 0.004249 0.000000
0.180903 -0.241976 -0.053209 0.000000
-0.093671 0.549133 0.165927 1.000000
-0.204062 0.218977 -0.052476 1.000000
-0.729328 0.036605 -0.165208 1.000000
0.234671 -0.193383 -0.076787 0.000000
-0.788011 0.241768 -0.039301 1.000000
0.592321 -0.022840 -0.179693 0.000000
0.120321 0.030456 -0.173611 1.000000
0.661600 0.189995 -0.075545 1.000000
-0.565227 0.011190 -0.183970 1.000000
0.495276 0.062502 -0.155799 1.000000
-0.135355 0.349610 0.044855 1.000000
-0.354509 -0.111714 -0.115849 0.000000
0.712173 -0.417378 0.076240 0.000000
0.596017 0.465960 0.113659 1.000000
-0.292210 -0.197924 -0.075749 0.000000
-0.781406 0.560742 0.189491 1.000000
0.771595 0.006448 -0.195185 1.000000
-0.460992 0.184129 -0.082908 1.000000
-0.190654 0.600793 0.204077 1.000000
0.331195 -0.191168 -0.078508 0.000000
-0.784243 0.101272 -0.122103 1.000000
-0.619037 0.499731 0.140280 1.000000
-0.135532 0.307888 0.008957 1.000000
-0.091174 -0.580131 0.184680 0.000000
-0.616407 0.444498 0.090287 1.000000
-0.094627 0.032408 -0.170985 1.000000
0.658384 -0.354860 0.037977 0.000000
-0.300991 -0.022014 -0.191042 0.000000
0.616035 0.433912 0.088071 1.000000
0.755365 0.311314 0.002392 1.000000
-0.359428 0.252427 -0.037534 1.000000
0.070908 -0.317142 0.002282 0.000000
0.336929 -0.311520 0.001544 0.000000
0.771457 0.104798 -0.122848 1.000000
-0.251898 -0.337067 0.013885 0.000000
-0.726735 -0.182930 -0.086687 0.000000
-0.044845 -0.166699 -0.089097 0.000000
0.178440 0.516171 0.137281 1.000000
0.332742 -0.423383 0.074866 0.000000
-0.463861 -0.527509 0.138986 0.000000
-0.725913 -0.002416 -0.191162 1.000000
0.390906 0.440937 0.092928 1.000000
0.166887 0.012326 -0.192815 1.000000
-0.257209 0.014496 -0.196127 1.000000
0.069091 0.491254 0.136945 1.000000
0.493363 -0.297064 0.004249 0.000000
0.074402 -0.390006 0.052835 0.000000
-0.625569 -0.108009 -0.136721 0.000000
-0.037748 0.132108 -0.114978 1.000000
0.283278 -0.515746 0.140878 0.000000
0.012062 -0.080092 -0.142160 0.000000
0.504615 0.164271 -0.077722 1.000000
0.602682 -0.254562 -0.040106 0.000000
-0.197159 -0.164164 -0.078947 0.000000
-0.257589 0.178432 -0.073134 1.000000
-0.577061 0.308678 0.018311 1.000000
0.334336 -0.310791 -0.003773 0.000000
-0.413769 0.432807 0.089289 1.000000
0.012062 -0.080092 -0.142160 0.000000
-0.143233 0.272493 -0.023381 1.000000
-0.309644 0.216001 -0.051742 1.000000
0.382304 0.292087 -0.003136 1.000000
-0.728758 -0.202281 -0.067647 0.000000
-0.721381 -0.340361 0.011366 0.000000
-0.198364 0.558107 0.171069 1.000000
0.493847 -0.165938 -0.096474 0.000000
-0.726524 0.607550 0.200594 1.000000
-0.517173 -0.569924 0.176998 0.000000
0.124519 0.051095 -0.156167 1.000000
0.015905 0.325285 0.027222 1.000000
-0.142906 0.425612 0.082702 1.000000
0.663166 -0.224179 -0.049407 0.000000
-0.036205 0.259535 -0.028292 1.000000
-0.351365 0.544868 0.160923 1.000000
-0.037620 0.346086 0.041097 1.000000
0.230102 0.146228 -0.103033 1.000000
0.440819 0.266103 -0.012933 1.000000
-0.038151 0.084316 -0.145697 1.000000
0.123322 0.512209 0.138529 1.000000
