0.470389 -0.081339 0.156622 1.000000
-0.290096 0.152592 0.116926 2.000000
0.665268 -0.427727 -0.196965 0.000000
0.096306 -0.034887 0.195766 1.000000
-0.455204 0.131195 0.116170 2.000000
-0.138327 0.373180 -0.164898 3.000000
0.085591 0.403949 -0.216700 3.000000
-0.440825 -0.021354 0.188985 1.000000
0.595841 -0.075868 0.145584 1.000000
-0.661839 -0.169616 0.116839 1.000000
0.092698 0.140193 0.102835 2.000000
0.110162 -0.408441 -0.148537 0.000000
0.768290 0.389225 -0.196716 3.000000
0.468715 0.345809 -0.139822 3.000000
0.160019 -0.408017 -0.180535 0.000000
0.106833 0.048641 0.151206 2.000000
0.826740 -0.159552 0.115132 1.000000
0.726851 -0.254381 0.028605 0.000000
-0.093997 0.203443 0.089657 3.000000
-0.334498 0.016449 0.198712 2.000000
0.707075 0.358988 -0.154632 3.000000
0.646512 -0.017996 0.185990 1.000000
-0.331726 -0.382507 -0.123447 0.000000
-0.211741 -0.049733 0.164129 1.000000
0.092066 -0.444175 -0.200641 0.000000
0.290638 -0.142217 0.113739 1.000000
0.671027 -0.416359 -0.209521 0.000000
0.099866 -0.323837 -0.046841 0.000000
0.529423 0.306997 -0.066375 3.000000
-0.211764 -0.090746 0.145653 1.000000
-0.351468 0.149641 0.109786 2.000000
-0.866158 0.373528 -0.167376 3.000000
0.085451 0.136328 0.107358 2.000000
0.836268 0.327741 -0.108696 3.000000
0.077133 -0.251646 0.007048 0.000000
0.344355 0.394932 -0.210945 3.000000
0.606451 -0.446163 -0.227152 0.000000
0.461192 -0.088169 0.144227 1.000000
0.372543 -0.435257 -0.210618 0.000000
-0.713659 -0.089426 0.148870 1.000000
-0.012450 0.274239 -0.072095 3.000000
-0.510069 -0.040698 0.171815 1.000000
-0.453601 -0.068548 0.137810 1.000000
-0.709531 -0.029154 0.172213 1.000000
0.411525 0.392674 -0.186460 3.000000
-0.471463 0.152027 0.098405 2.000000
0.712747 -0.356083 -0.096092 0.000000
-0.012242 -0.052160 0.161937 1.000000
0.282401 -0.477377 -0.256899 0.000000
0.821196 -0.035150 0.199703 1.000000
-0.038804 0.107022 0.135254 2.000000
-0.416723 -0.027068 0.200391 1.000000
0.821196 -0.035150 0.199703 1.000000
-0.400841 -0.063641 0.166533 1.000000
-0.357516 -0.115301 0.132940 1.000000
0.297849 -0.361526 -0.123497 0.000000
0.654868 -0.028827 0.182703 1.000000
-0.093505 0.151767 0.115883 2.000000
-0.797542 -0.448944 -0.252575 0.000000
0.527333 0.271128 -0.006395 3.000000
-0.285620 -0.414001 -0.161058 0.000000
-0.414709 0.367017 -0.146111 3.000000
-0.155608 -0.468480 -0.234682 0.000000
-0.732692 -0.230424 0.031278 0.000000
-0.465342 0.106320 0.119375 2.000000
0.840985 -0.266945 -0.007980 0.000000
0.596070 -0.452230 -0.217035 0.000000
-0.752355 0.379774 -0.189595 3.000000
-0.596926 -0.179754 0.111301 1.000000
0.387707 -0.262088 -0.002790 0.000000
-0.478580 -0.021130 0.200083 1.000000
0.213031 -0.274655 -0.013567 0.000000
-0.527530 -0.038181 0.175622 1.000000
-0.213556 0.216562 0.008506 3.000000
-0.399364 0.143010 0.104601 2.000000
-0.159916 0.111227 0.129894 2.000000
0.794595 -0.330242 -0.084975 0.000000
0.091404 0.109599 0.104754 2.000000
0.458421 -0.374910 -0.148924 0.000000
-0.474693 0.288090 -0.048300 3.000000
0.127299 0.357812 -0.161226 3.000000
0.765937 -0.049101 0.168375 1.000000
-0.850166 -0.320451 -0.099617 0.000000
-0.465318 -0.145364 0.119811 1.000000
0.201292 0.095534 0.142442 2.000000
0.269478 0.202193 0.065044 3.000000
0.469041 0.149188 0.121822 2.000000
0.088139 -0.484101 -0.235533 0.000000
0.578085 0.296384 -0.099657 3.000000
-0.021141 -0.216747 0.106698 0.000000
-0.461923 0.317489 -0.084925 3.000000
-0.039753 -0.298818 -0.049509 0.000000
-0.652807 0.226464 0.012363 3.000000
-0.536586 0.107923 0.131975 2.000000
-0.838331 0.265017 -0.035601 3.000000
0.471120 0.440877 -0.246704 3.000000
0.839396 0.076020 0.131204 2.000000
-0.421953 0.421833 -0.213056 3.000000
-0.076596 0.036806 0.158455 2.000000
0.010586 -0.034835 0.162039 1.000000
0.040115 -0.203717 0.065378 0.000000
0.586239 0.428048 -0.215813 3.000000
-0.268966 0.335629 -0.141929 3.000000
0.345637 0.247279 -0.035488 3.000000
0.829361 0.091094 0.132717 2.000000
-0.784260 0.169582 0.102152 2.000000
0.591769 -0.151742 0.128778 1.000000
0.472193 0.112671 0.135942 2.000000
0.651558 0.210663 0.064113 3.000000
0.094660 -0.370050 -0.114798 0.000000
-0.794910 0.411151 -0.236597 3.000000
-0.651922 0.343301 -0.133074 3.000000
0.215329 -0.378575 -0.120423 0.000000
-0.347102 0.067532 0.140262 2.000000
0.643068 0.224707 0.041134 3.000000
-0.279107 0.036737 0.143078 2.000000
-0.334972 -0.323133 -0.066723 0.000000
0.403845 -0.413921 -0.185883 0.000000
-0.786084 -0.332904 -0.097388 0.000000
0.038936 0.136860 0.130490 2.000000
0.406617 0.219026 0.027442 3.000000
-0.340318 0.011134 0.190534 2.000000
-0.406542 0.055670 0.151170 2.000000
0.384094 -0.032443 0.163308 1.000000
0.533317 -0.439047 -0.245239 0.000000
-0.016280 0.060458 0.157871 2.000000
0.349332 0.388390 -0.190586 3.000000
0.860409 0.414905 -0.192370 3.000000
-0.843969 0.380917 -0.158521 3.000000
0.585967 -0.171215 0.108869 1.000000
0.036389 -0.338316 -0.108722 0.000000
-0.588888 0.075675 0.135509 2.000000
-0.035969 0.431049 -0.229625 3.000000
0.714180 0.084025 0.150951 2.000000
0.411257 -0.114358 0.154918 1.000000
-0.096886 0.066167 0.141177 2.000000
-0.779344 -0.416836 -0.184320 0.000000
0.469048 -0.282301 -0.051166 0.000000
0.030838 0.298878 -0.046610 3.000000
-0.338458 0.366279 -0.158997 3.000000
-0.348215 -0.234304 0.069829 0.000000
-0.405213 -0.483238 -0.249332 0.000000
0.706056 -0.146836 0.109918 1.000000
0.094889 -0.055639 0.174504 1.000000
-0.479499 -0.270187 -0.019167 0.000000
-0.215909 -0.095255 0.130370 1.000000
-0.646617 -0.404164 -0.174819 0.000000
-0.165739 -0.152776 0.122681 1.000000
0.286716 0.050111 0.157727 2.000000
-0.657803 -0.306122 -0.048964 0.000000
0.290409 -0.085741 0.152015 1.000000
-0.603837 0.077105 0.153585 2.000000
0.826740 -0.159552 0.115132 1.000000
0.765991 0.091335 0.146099 2.000000
-0.712316 0.135959 0.117146 2.000000
0.168001 -0.010136 0.199811 1.000000
-0.023805 0.139728 0.104623 2.000000
-0.045626 0.076604 0.122071 2.000000
0.125491 0.081502 0.145971 2.000000
-0.860903 0.449725 -0.237891 3.000000
0.337236 0.309364 -0.060583 3.000000
-0.594886 0.402869 -0.192132 3.000000
-0.288635 0.067342 0.164269 2.000000
0.127299 0.357812 -0.161226 3.000000
0.797630 -0.045938 0.199993 1.000000
-0.347711 0.114529 0.135524 2.000000
-0.348215 -0.234304 0.069829 0.000000
-0.414027 0.322168 -0.113758 3.000000
0.606341 0.101816 0.130013 2.000000
0.767346 -0.225322 0.029942 0.000000
-0.525674 0.081250 0.148165 2.000000
0.344355 0.394932 -0.210945 3.000000
-0.597269 0.373261 -0.185923 3.000000
-0.021543 0.057188 0.160659 2.000000
-0.215308 0.413960 -0.215539 3.000000
0.411873 -0.448648 -0.254753 0.000000
-0.169644 0.314059 -0.091011 3.000000
-0.450788 0.159037 0.101456 2.000000
0.834591 0.261115 -0.008346 3.000000
-0.353061 0.240333 0.044267 3.000000
0.725839 -0.171219 0.100844 1.000000
-0.303242 -0.090588 0.136706 1.000000
0.085451 0.136328 0.107358 2.000000
0.405084 0.046835 0.168849 2.000000
0.267650 0.138552 0.120515 2.000000
0.218513 0.217336 0.040760 3.000000
0.150046 -0.282880 -0.004911 0.000000
-0.344347 -0.229426 0.060285 0.000000
-0.160013 -0.069966 0.130842 1.000000
0.170582 -0.126532 0.115966 1.000000
-0.025170 0.362236 -0.125844 3.000000
-0.159916 0.111227 0.129894 2.000000
-0.843289 0.432208 -0.237349 3.000000
-0.198115 -0.100116 0.140512 1.000000
0.759696 -0.432230 -0.228178 0.000000
0.779499 -0.251660 0.030000 0.000000
-0.858318 0.348972 -0.121341 3.000000
0.461962 -0.463573 -0.266501 0.000000
0.595469 0.294123 -0.067591 3.000000
-0.596926 -0.179754 0.111301 1.000000
-0.415422 -0.438172 -0.209555 0.000000
-0.097588 0.438277 -0.231966 3.000000
-0.097522 0.160957 0.105705 2.000000
-0.360956 0.166068 0.110358 2.000000
0.636248 0.155228 0.104435 2.000000
-0.331332 0.054670 0.144011 2.000000
-0.528774 -0.032402 0.182223 1.000000
0.140334 -0.066944 0.144052 1.000000
0.091584 0.064740 0.154845 2.000000
0.337690 0.278573 -0.037675 3.000000
-0.778866 -0.132634 0.111897 1.000000
0.412811 -0.279923 -0.018110 0.000000
-0.160918 -0.408855 -0.198477 0.000000
-0.025110 -0.060672 0.179286 1.000000
0.045173 0.273116 -0.050600 3.000000
0.847068 0.255406 0.003296 3.000000
-0.636718 0.146910 0.123563 2.000000
-0.098053 -0.159842 0.112588 1.000000
0.348096 -0.395276 -0.149591 0.000000
0.846196 -0.218449 0.068503 0.000000
0.087103 0.317187 -0.076303 3.000000
0.230807 0.081739 0.142219 2.000000
-0.470418 -0.173392 0.117520 1.000000
-0.152142 0.216352 0.054596 3.000000
-0.639000 -0.246297 0.048636 0.000000
-0.015046 0.324022 -0.102362 3.000000
0.419339 -0.040961 0.177313 1.000000
0.854002 -0.097912 0.151223 1.000000
-0.028293 0.055403 0.170581 2.000000
-0.348789 -0.037977 0.189923 1.000000
0.272318 0.343794 -0.106979 3.000000
0.838204 -0.481675 -0.228402 0.000000
-0.604892 -0.042224 0.161708 1.000000
0.532920 0.412307 -0.195600 3.000000
0.645245 -0.325274 -0.083316 0.000000
0.583021 0.300770 -0.080989 3.000000
-0.337414 -0.388193 -0.128268 0.000000
-0.159220 0.351760 -0.131741 3.000000
-0.016507 0.311981 -0.106727 3.000000
0.096248 0.305566 -0.096565 3.000000
-0.701185 0.274360 -0.024568 3.000000
0.602801 -0.111056 0.146872 1.000000
0.286716 0.050111 0.157727 2.000000
0.019437 0.251554 -0.011984 3.000000
-0.102936 0.341974 -0.152102 3.000000
-0.293545 0.302363 -0.087573 3.000000
0.334881 0.111721 0.144888 2.000000
0.826515 -0.306305 -0.059289 0.000000
0.724371 -0.407635 -0.185278 0.000000
0.154446 -0.081813 0.153523 1.000000
0.548455 -0.021004 0.176991 1.000000
-0.523196 0.317322 -0.083084 3.000000
-0.642258 -0.021929 0.173485 1.000000
-0.329838 0.472013 -0.260292 3.000000
-0.467245 0.264572 -0.007485 3.000000
0.840985 -0.266945 -0.007980 0.000000
-0.289056 -0.450357 -0.243425 0.000000
-0.666132 -0.150196 0.130906 1.000000
-0.332166 0.270537 -0.044943 3.000000
-0.531518 0.431891 -0.232722 3.000000
-0.588517 -0.341562 -0.129374 0.000000
0.027776 0.373823 -0.185018 3.000000
0.660483 -0.242612 0.059906 0.000000
0.838204 -0.481675 -0.228402 0.000000
-0.216086 0.343776 -0.154443 3.000000
-0.350360 -0.062019 0.178247 1.000000
-0.089192 -0.243605 0.034275 0.000000
-0.535457 0.020898 0.160713 2.000000
0.085917 -0.202553 0.072551 0.000000
0.532920 0.412307 -0.195600 3.000000
-0.467245 0.264572 -0.007485 3.000000
0.854002 -0.097912 0.151223 1.000000
-0.720563 0.198702 0.038857 3.000000
0.335660 -0.434171 -0.194073 0.000000
0.098979 -0.058416 0.139879 1.000000
0.081567 0.033755 0.152975 2.000000
0.234440 0.330264 -0.119534 3.000000
0.578919 -0.351863 -0.059791 0.000000
0.352082 -0.097818 0.147905 1.000000
-0.205865 -0.049304 0.151852 1.000000
-0.600589 -0.175489 0.115157 1.000000
0.525640 0.059047 0.146849 2.000000
-0.404126 0.133034 0.113874 2.000000
-0.670593 -0.398022 -0.198319 0.000000
-0.025170 0.362236 -0.125844 3.000000
-0.463484 0.209316 0.059414 3.000000
0.769063 -0.214401 0.058932 0.000000
-0.527428 -0.406693 -0.149842 0.000000
-0.160320 0.299551 -0.095083 3.000000
0.784677 -0.051303 0.155809 1.000000
-0.268966 0.335629 -0.141929 3.000000
-0.539280 -0.234323 0.050208 0.000000
-0.591574 -0.108656 0.151731 1.000000
0.405787 0.235402 0.017399 3.000000
0.210470 0.019263 0.161500 2.000000
-0.403268 -0.056582 0.167357 1.000000
-0.403057 -0.121742 0.132757 1.000000
-0.218685 -0.027626 0.187517 1.000000
-0.783368 -0.387463 -0.148671 0.000000
-0.199856 0.093267 0.124781 2.000000
-0.473965 -0.104239 0.118167 1.000000
-0.149782 -0.272335 -0.000196 0.000000
-0.350180 -0.383332 -0.141037 0.000000
0.462357 -0.403464 -0.168792 0.000000
0.042220 0.266714 -0.016841 3.000000
-0.217996 0.190735 0.043427 3.000000
0.085917 -0.202553 0.072551 0.000000
0.658943 -0.283644 -0.025880 0.000000
0.324966 -0.374587 -0.145716 0.000000
-0.842265 -0.052704 0.177845 1.000000
-0.530426 -0.381786 -0.154332 0.000000
0.853326 -0.335102 -0.145087 0.000000
0.160770 0.258572 -0.033757 3.000000
-0.152142 0.216352 0.054596 3.000000
0.273930 -0.410294 -0.168548 0.000000
0.409014 -0.116276 0.130629 1.000000
0.263825 -0.380656 -0.125211 0.000000
0.588825 -0.320541 -0.064787 0.000000
-0.483510 0.214333 0.067411 3.000000
0.584539 -0.233303 0.064760 0.000000
0.528205 -0.010705 0.195506 1.000000
-0.200220 -0.326241 -0.041039 0.000000
0.593256 0.218840 0.033800 3.000000
0.743444 0.262092 -0.018697 3.000000
0.333396 0.152431 0.123567 2.000000
-0.738399 0.227417 0.047231 3.000000
-0.775889 0.388698 -0.189103 3.000000
-0.147323 0.384851 -0.173711 3.000000
-0.723840 -0.373877 -0.129218 0.000000
0.011224 -0.420555 -0.197523 0.000000
0.840171 0.119709 0.113155 2.000000
-0.358632 0.030826 0.132584 2.000000
0.152562 -0.346479 -0.108160 0.000000
0.532920 0.412307 -0.195600 3.000000
-0.152350 0.438109 -0.245458 3.000000
-0.474527 -0.302431 -0.053247 0.000000
0.331910 -0.453279 -0.235396 0.000000
0.218513 0.217336 0.040760 3.000000
-0.432644 0.428152 -0.241099 3.000000
-0.028690 -0.029305 0.185971 1.000000
-0.273638 -0.431218 -0.225502 0.000000
-0.217280 0.234295 -0.011086 3.000000
-0.726346 -0.306046 -0.072054 0.000000
-0.467337 0.064733 0.154968 2.000000
0.851797 0.119898 0.118780 2.000000
0.040777 0.135929 0.110512 2.000000
-0.347711 0.114529 0.135524 2.000000
0.017437 0.222466 0.044914 3.000000
0.765776 0.022990 0.184717 2.000000
-0.828708 0.461851 -0.248787 3.000000
0.162998 0.262576 -0.014836 3.000000
0.166352 0.294119 -0.017484 3.000000
0.784936 0.329781 -0.109148 3.000000
0.283193 0.047016 0.140995 2.000000
0.085794 0.248937 -0.031490 3.000000
0.337487 0.258678 -0.001220 3.000000
0.012187 0.372829 -0.165368 3.000000
-0.163372 0.219788 0.031672 3.000000
0.143568 0.259406 0.014729 3.000000
0.221786 0.143210 0.112661 2.000000
0.844713 -0.046068 0.155062 1.000000
-0.840366 0.346423 -0.167317 3.000000
-0.768329 0.369143 -0.218128 3.000000
-0.165739 -0.152776 0.122681 1.000000
-0.780666 -0.438528 -0.238990 0.000000
0.521770 0.092160 0.154400 2.000000
-0.042831 -0.292805 -0.060807 0.000000
0.369299 -0.214781 0.061211 0.000000
0.453900 -0.214503 0.064238 0.000000
-0.730874 -0.449629 -0.250927 0.000000
0.137660 -0.425840 -0.210708 0.000000
-0.440825 -0.021354 0.188985 1.000000
0.034261 -0.256480 0.030301 0.000000
0.470628 -0.065162 0.159244 1.000000
0.463991 -0.329246 -0.087675 0.000000
-0.169923 0.227190 0.006194 3.000000
0.271285 0.240437 0.053771 3.000000
0.294149 -0.356324 -0.107923 0.000000
0.391681 -0.077215 0.138545 1.000000
0.348122 0.221702 0.029341 3.000000
-0.037348 -0.394586 -0.155440 0.000000
-0.841993 0.339373 -0.125560 3.000000
-0.143441 -0.411389 -0.166250 0.000000
-0.722903 0.146208 0.109528 2.000000
0.646600 -0.043169 0.166747 1.000000
0.218513 0.217336 0.040760 3.000000
-0.589472 -0.308604 -0.066588 0.000000
0.539624 0.217047 0.046884 3.000000
-0.726915 -0.471470 -0.271979 0.000000
-0.481318 -0.040401 0.204585 1.000000
-0.229582 -0.113211 0.128268 1.000000
0.094676 -0.140263 0.113176 1.000000
-0.855583 -0.033637 0.202925 1.000000
0.714565 0.315024 -0.104363 3.000000
-0.414465 0.314867 -0.062869 3.000000
0.125491 0.081502 0.145971 2.000000
-0.766952 0.282720 -0.026418 3.000000
-0.272808 0.461151 -0.270865 3.000000
0.162416 -0.255663 0.018330 0.000000
0.403910 0.085141 0.146149 2.000000
0.583321 0.354935 -0.167479 3.000000
-0.740804 0.410139 -0.192475 3.000000
0.660601 0.397401 -0.196409 3.000000
0.395187 0.387506 -0.181053 3.000000
-0.544652 0.416209 -0.225204 3.000000
0.728160 0.389780 -0.189838 3.000000
0.462357 -0.403464 -0.168792 0.000000
-0.387765 -0.286659 -0.048485 0.000000
-0.771702 0.215541 0.052010 3.000000
-0.352310 0.040080 0.153694 2.000000
0.317572 -0.137427 0.130580 1.000000
0.790580 -0.167829 0.101991 1.000000
-0.160748 0.056214 0.157032 2.000000
0.637795 0.243177 0.026170 3.000000
-0.405856 -0.130596 0.113325 1.000000
0.714570 -0.104168 0.139443 1.000000
-0.837969 0.134335 0.130410 2.000000
0.473266 0.349064 -0.164096 3.000000
-0.078463 -0.233901 0.030641 0.000000
-0.523494 0.139756 0.109192 2.000000
0.162636 0.435513 -0.231311 3.000000
-0.641560 -0.363456 -0.138287 0.000000
-0.843156 0.220553 0.013904 3.000000
-0.229582 -0.113211 0.128268 1.000000
0.776943 0.039311 0.127728 2.000000
-0.413176 0.399800 -0.188567 3.000000
0.641736 0.104391 0.121823 2.000000
0.345455 -0.303079 -0.015363 0.000000
-0.144524 -0.382431 -0.141583 0.000000
0.411525 0.392674 -0.186460 3.000000
-0.090581 -0.114706 0.123225 1.000000
0.234440 0.330264 -0.119534 3.000000
0.096345 0.339825 -0.141377 3.000000
-0.636410 0.210248 0.051345 3.000000
0.844238 -0.210582 0.094333 0.000000
0.585444 -0.388598 -0.180530 0.000000
0.019407 0.123164 0.129894 2.000000
0.831568 0.041285 0.157161 2.000000
-0.838298 -0.022560 0.192993 1.000000
0.103848 0.226530 0.038377 3.000000
-0.604909 0.161760 0.111951 2.000000
-0.276431 0.149999 0.123492 2.000000
0.421277 -0.082568 0.132892 1.000000
0.762013 -0.222208 0.055169 0.000000
0.045173 -0.306282 -0.033212 0.000000
-0.590744 0.089416 0.152764 2.000000
0.724371 -0.407635 -0.185278 0.000000
0.459614 -0.369558 -0.153648 0.000000
-0.355717 0.288617 -0.052131 3.000000
-0.585491 -0.459205 -0.249800 0.000000
0.522944 0.427087 -0.262715 3.000000
-0.548979 -0.270409 -0.005033 0.000000
-0.783493 -0.157533 0.101248 1.000000
-0.267146 -0.071500 0.151612 1.000000
0.340483 0.358662 -0.171361 3.000000
-0.468487 0.253614 -0.030776 3.000000
0.525640 0.059047 0.146849 2.000000
-0.519960 0.131074 0.127865 2.000000
-0.360956 0.166068 0.110358 2.000000
0.788183 0.126733 0.122310 2.000000
0.794541 0.157027 0.096137 2.000000
0.145140 -0.356102 -0.095780 0.000000
-0.414384 0.349315 -0.163583 3.000000
0.773791 -0.369934 -0.091430 0.000000
-0.155405 -0.248056 0.006048 0.000000
0.399157 0.225088 -0.007436 3.000000
0.260366 -0.245803 0.024782 0.000000
0.727364 -0.067330 0.161332 1.000000
-0.790747 -0.372932 -0.121111 0.000000
0.334881 0.111721 0.144888 2.000000
-0.786084 -0.332904 -0.097388 0.000000
0.148608 0.141889 0.118765 2.000000
0.077448 -0.155388 0.121104 1.000000
-0.470418 -0.173392 0.117520 1.000000
0.206434 -0.366417 -0.124496 0.000000
-0.457041 0.216511 0.049199 3.000000
0.864677 -0.168087 0.107214 1.000000
-0.409635 -0.211143 0.062860 0.000000
0.020579 -0.138334 0.108509 1.000000
-0.733675 0.009219 0.158856 2.000000
0.461192 -0.088169 0.144227 1.000000
-0.792248 0.150811 0.118709 2.000000
0.590599 0.010907 0.184301 2.000000
-0.230284 0.230682 0.009032 3.000000
0.399483 0.204504 0.054828 3.000000
0.171090 -0.159277 0.121950 1.000000
0.421119 0.091791 0.117012 2.000000
-0.039753 -0.298818 -0.049509 0.000000
0.486272 -0.440633 -0.201733 0.000000
0.461192 -0.088169 0.144227 1.000000
-0.730538 0.285874 -0.047446 3.000000
0.078173 -0.158909 0.103450 1.000000
0.467433 0.464364 -0.252578 3.000000
0.595944 -0.114185 0.138770 1.000000
-0.838718 -0.439328 -0.233257 0.000000
0.656816 0.035734 0.160798 2.000000
-0.150869 0.437089 -0.227734 3.000000
-0.729434 0.138461 0.118444 2.000000
-0.653140 0.267652 -0.041384 3.000000
0.346592 0.051975 0.177487 2.000000
-0.340817 -0.211148 0.083301 0.000000
0.156812 0.311427 -0.082226 3.000000
-0.488900 0.278914 -0.037427 3.000000
-0.842265 -0.052704 0.177845 1.000000
-0.651946 0.383888 -0.196189 3.000000
-0.591574 -0.108656 0.151731 1.000000
-0.768606 -0.027541 0.167692 1.000000
0.234440 0.330264 -0.119534 3.000000
-0.469557 0.408321 -0.189909 3.000000
-0.650334 -0.264427 0.025400 0.000000
0.709750 0.309524 -0.050919 3.000000
-0.650079 -0.444075 -0.221099 0.000000
0.771351 0.463315 -0.247376 3.000000
0.021430 0.351604 -0.124525 3.000000
0.344408 0.281190 -0.013959 3.000000
0.523789 -0.351345 -0.093708 0.000000
0.846371 -0.165968 0.106937 1.000000
-0.153440 -0.154981 0.114216 1.000000
0.272797 0.110943 0.119990 2.000000
0.777265 -0.133757 0.133573 1.000000
-0.403024 0.032419 0.157733 2.000000
-0.350336 0.149667 0.100281 2.000000
0.728712 -0.427241 -0.189862 0.000000
0.657834 -0.031792 0.186812 1.000000
-0.223279 -0.292815 -0.034776 0.000000
-0.356438 0.348956 -0.141461 3.000000
0.282401 -0.477377 -0.256899 0.000000
-0.535235 0.120187 0.122381 2.000000
-0.778866 -0.132634 0.111897 1.000000
-0.238152 0.395263 -0.227504 3.000000
0.348283 -0.209407 0.100601 0.000000
-0.522662 -0.050747 0.162581 1.000000
-0.098976 -0.479556 -0.257455 0.000000
0.401800 -0.404327 -0.157604 0.000000
0.763256 -0.358164 -0.128369 0.000000
-0.340865 -0.038944 0.152890 1.000000
0.824631 -0.116011 0.147416 1.000000
0.493575 -0.078721 0.164654 1.000000
0.352611 0.307642 -0.086264 3.000000
-0.710105 0.108904 0.114533 2.000000
0.457440 0.270206 -0.046390 3.000000
0.284686 -0.290174 -0.015372 0.000000
0.113414 0.160881 0.115117 2.000000
0.080481 0.379885 -0.154608 3.000000
-0.471463 0.152027 0.098405 2.000000
-0.836687 -0.290916 -0.009812 0.000000
-0.785387 0.327269 -0.095012 3.000000
0.856379 0.423580 -0.248508 3.000000
-0.349160 0.253933 -0.040157 3.000000
-0.734574 0.105283 0.125279 2.000000
0.535729 -0.099957 0.150541 1.000000
-0.517602 -0.293825 -0.005949 0.000000
0.836575 0.046977 0.169660 2.000000
-0.771222 -0.372929 -0.144045 0.000000
0.399060 0.386066 -0.183211 3.000000
0.844891 0.052979 0.147061 2.000000
-0.712957 -0.082561 0.155256 1.000000
-0.839447 -0.151778 0.121563 1.000000
-0.390843 -0.207448 0.097316 0.000000
-0.036896 0.247897 0.000698 3.000000
0.387707 -0.262088 -0.002790 0.000000
0.603343 0.345308 -0.142288 3.000000
0.717389 -0.256845 0.012018 0.000000
0.340126 0.379385 -0.149561 3.000000
-0.734574 0.105283 0.125279 2.000000
0.152609 -0.364547 -0.123591 0.000000
0.052745 0.349422 -0.134089 3.000000
-0.740804 0.410139 -0.192475 3.000000
-0.663782 0.242951 -0.009959 3.000000
0.779841 0.400510 -0.208096 3.000000
-0.471298 0.131079 0.111616 2.000000
0.658847 -0.277916 -0.023004 0.000000
0.146996 -0.048213 0.158379 1.000000
-0.455060 -0.290881 -0.018753 0.000000
0.259120 -0.045668 0.197665 1.000000
-0.786990 -0.221792 0.040436 0.000000
0.144076 0.194525 0.056830 3.000000
-0.098976 -0.479556 -0.257455 0.000000
0.766491 0.324535 -0.088992 3.000000
0.844238 -0.210582 0.094333 0.000000
0.714565 0.315024 -0.104363 3.000000
0.729783 -0.159563 0.114398 1.000000
0.138830 -0.346012 -0.077293 0.000000
0.787466 0.314880 -0.101395 3.000000
0.644947 0.437386 -0.229769 3.000000
0.509314 0.082973 0.131467 2.000000
0.148164 0.408215 -0.211001 3.000000
-0.101423 0.225408 0.028632 3.000000
-0.153745 0.017028 0.168574 2.000000
-0.474953 -0.324364 -0.069226 0.000000
-0.647012 0.391801 -0.204824 3.000000
0.668308 0.054179 0.145959 2.000000
-0.777344 -0.395752 -0.164130 0.000000
0.727929 -0.381050 -0.150625 0.000000
0.297474 0.077180 0.147354 2.000000
0.539624 0.217047 0.046884 3.000000
-0.423815 -0.128130 0.118799 1.000000
-0.717941 -0.079279 0.156847 1.000000
0.653065 0.245132 -0.005973 3.000000
-0.583770 -0.267423 0.000828 0.000000
-0.468735 0.247563 0.002234 3.000000
-0.152886 0.095383 0.109680 2.000000
-0.387921 -0.373395 -0.121274 0.000000
-0.101423 0.225408 0.028632 3.000000
-0.782668 0.398051 -0.176920 3.000000
0.462357 -0.403464 -0.168792 0.000000
0.667621 0.155847 0.090337 2.000000
0.411062 0.140998 0.106187 2.000000
-0.398943 -0.157360 0.098373 1.000000
0.709750 0.309524 -0.050919 3.000000
0.425022 -0.237155 0.050612 0.000000
0.594275 0.314629 -0.060530 3.000000
0.297973 0.276914 -0.023698 3.000000
0.336967 -0.211044 0.066378 0.000000
0.043480 -0.325950 -0.065281 0.000000
-0.103938 0.107379 0.140685 2.000000
0.359616 -0.454812 -0.249145 0.000000
0.348585 0.344506 -0.131876 3.000000
-0.167646 0.078017 0.145681 2.000000
0.094660 -0.370050 -0.114798 0.000000
0.232286 0.323188 -0.070194 3.000000
-0.726915 -0.471470 -0.271979 0.000000
-0.780396 0.113018 0.126710 2.000000
-0.216119 -0.249397 0.058213 0.000000
-0.278960 0.452150 -0.244381 3.000000
0.833624 0.121731 0.112935 2.000000
0.529985 0.415979 -0.232634 3.000000
-0.100484 -0.475074 -0.254944 0.000000
0.470389 -0.081339 0.156622 1.000000
0.019880 0.360463 -0.135881 3.000000
-0.409852 0.267301 -0.045288 3.000000
-0.089310 0.308682 -0.062853 3.000000
-0.727965 0.426756 -0.259744 3.000000
0.716254 0.273942 -0.027518 3.000000
-0.480795 -0.315358 -0.029729 0.000000
-0.804505 -0.311618 -0.044501 0.000000
0.853326 -0.335102 -0.145087 0.000000
-0.269959 0.042875 0.156835 2.000000
0.515712 0.137962 0.127085 2.000000
0.641119 -0.090990 0.165314 1.000000
0.532877 -0.388068 -0.152866 0.000000
0.792436 0.052043 0.148050 2.000000
-0.238152 0.395263 -0.227504 3.000000
-0.110391 -0.221933 0.053128 0.000000
-0.264689 -0.370907 -0.133793 0.000000
-0.164268 0.430042 -0.233439 3.000000
-0.584737 0.272499 -0.040288 3.000000
0.085451 0.136328 0.107358 2.000000
-0.652027 0.264860 -0.022537 3.000000
-0.079589 -0.089526 0.129757 1.000000
0.163423 0.025955 0.180207 2.000000
0.348585 0.344506 -0.131876 3.000000
-0.087078 -0.462687 -0.253750 0.000000
0.393889 -0.105147 0.148400 1.000000
0.715954 0.265660 -0.040864 3.000000
-0.211386 -0.391858 -0.184855 0.000000
-0.522369 0.153228 0.111061 2.000000
0.401826 0.348842 -0.113994 3.000000
0.100797 0.218249 0.069380 3.000000
0.836268 0.327741 -0.108696 3.000000
0.413866 0.343783 -0.131674 3.000000
-0.210398 -0.407918 -0.191373 0.000000
0.534738 0.335437 -0.116099 3.000000
-0.407266 -0.452899 -0.197882 0.000000
0.348585 0.344506 -0.131876 3.000000
-0.411133 -0.239949 0.026840 0.000000
0.402427 0.090822 0.141912 2.000000
0.017437 0.222466 0.044914 3.000000
-0.399364 0.143010 0.104601 2.000000
0.370963 -0.309649 -0.014848 0.000000
0.412068 0.458938 -0.244860 3.000000
-0.074467 -0.112852 0.110751 1.000000
0.275379 -0.153059 0.113105 1.000000
0.829361 0.091094 0.132717 2.000000
-0.105114 -0.253501 0.007417 0.000000
-0.044008 0.118667 0.107606 2.000000
-0.636410 0.210248 0.051345 3.000000
-0.078508 0.083692 0.138583 2.000000
-0.294534 0.019861 0.217879 2.000000
0.026868 0.288705 -0.026664 3.000000
-0.401201 0.104672 0.152334 2.000000
-0.403024 0.032419 0.157733 2.000000
0.468102 -0.130454 0.131722 1.000000
-0.075961 0.370963 -0.142125 3.000000
-0.827070 -0.448253 -0.220482 0.000000
0.595469 0.294123 -0.067591 3.000000
0.600259 -0.284890 -0.021140 0.000000
0.549567 -0.096195 0.148924 1.000000
-0.529329 0.446426 -0.238605 3.000000
-0.074467 -0.112852 0.110751 1.000000
-0.545997 0.279651 -0.036115 3.000000
-0.838331 0.265017 -0.035601 3.000000
0.155188 -0.028123 0.179800 1.000000
-0.094916 0.407285 -0.199996 3.000000
0.272015 -0.208859 0.076459 0.000000
0.539624 0.217047 0.046884 3.000000
0.340483 0.358662 -0.171361 3.000000
-0.522643 -0.259429 0.010902 0.000000
-0.153917 0.025109 0.170083 2.000000
-0.469557 0.408321 -0.189909 3.000000
-0.107099 -0.448116 -0.238273 0.000000
-0.768606 -0.027541 0.167692 1.000000
-0.348215 -0.234304 0.069829 0.000000
0.294443 -0.109006 0.128819 1.000000
0.340759 0.218749 0.030019 3.000000
0.329553 -0.430974 -0.204176 0.000000
0.590610 -0.240382 0.068292 0.000000
0.771301 -0.068479 0.155027 1.000000
0.168632 -0.314146 -0.053767 0.000000
-0.521607 -0.341529 -0.090617 0.000000
-0.644948 -0.156936 0.123496 1.000000
0.233290 0.412596 -0.213205 3.000000
0.409586 -0.073943 0.160280 1.000000
0.718067 0.226772 0.012446 3.000000
-0.770350 0.279240 -0.085621 3.000000
-0.653140 0.267652 -0.041384 3.000000
-0.777246 -0.251653 0.039411 0.000000
-0.854337 0.332732 -0.098646 3.000000
-0.528774 -0.032402 0.182223 1.000000
-0.728495 -0.106528 0.136521 1.000000
0.278327 0.122989 0.117645 2.000000
0.168296 -0.193339 0.069179 0.000000
0.661386 0.097138 0.146891 2.000000
0.731234 0.359092 -0.174208 3.000000
0.521770 0.092160 0.154400 2.000000
0.530447 0.210131 0.082375 3.000000
0.853326 -0.335102 -0.145087 0.000000
0.782073 -0.284483 -0.021000 0.000000
0.864677 -0.168087 0.107214 1.000000
-0.523494 0.139756 0.109192 2.000000
-0.161168 -0.388869 -0.153819 0.000000
0.380306 -0.365470 -0.127313 0.000000
-0.601672 0.153900 0.097787 2.000000
0.103490 0.140064 0.113909 2.000000
0.529909 -0.014630 0.179142 1.000000
0.794164 -0.446310 -0.202571 0.000000
-0.329331 -0.232077 0.053194 0.000000
-0.654126 0.043049 0.167394 2.000000
0.788183 0.126733 0.122310 2.000000
0.493601 -0.464981 -0.241687 0.000000
-0.597069 0.400207 -0.215444 3.000000
0.529818 -0.321437 -0.046432 0.000000
-0.657257 -0.411734 -0.199970 0.000000
0.160019 -0.408017 -0.180535 0.000000
0.416537 0.319748 -0.106237 3.000000
-0.287497 0.265054 -0.014642 3.000000
0.778893 0.302063 -0.095459 3.000000
0.154150 -0.121616 0.155258 1.000000
0.840171 0.119709 0.113155 2.000000
-0.840366 0.346423 -0.167317 3.000000
-0.461626 0.213905 0.067749 3.000000
-0.272702 0.393073 -0.183484 3.000000
0.653338 0.202535 0.092818 3.000000
0.668308 0.054179 0.145959 2.000000
0.793595 -0.278885 0.021473 0.000000
-0.145616 -0.118250 0.137630 1.000000
0.594296 -0.375702 -0.146040 0.000000
0.395985 -0.432237 -0.164572 0.000000
-0.222231 0.309352 -0.092572 3.000000
-0.454270 0.310399 -0.064704 3.000000
-0.095352 -0.286115 -0.014432 0.000000
0.152110 -0.217111 0.112022 0.000000
0.712747 -0.356083 -0.096092 0.000000
0.786512 0.423968 -0.217816 3.000000
-0.798478 0.385837 -0.192628 3.000000
-0.164547 0.146400 0.111103 2.000000
0.842834 -0.252258 -0.011325 0.000000
-0.465865 0.272480 -0.043830 3.000000
0.514904 0.017191 0.176199 2.000000
-0.037294 -0.130703 0.109242 1.000000
-0.653140 0.267652 -0.041384 3.000000
-0.672627 -0.151172 0.120889 1.000000
-0.152537 -0.426532 -0.199651 0.000000
-0.211386 -0.391858 -0.184855 0.000000
0.030526 0.437380 -0.239728 3.000000
0.838204 -0.481675 -0.228402 0.000000
-0.418444 -0.251054 0.055294 0.000000
-0.467337 0.064733 0.154968 2.000000
0.527817 -0.465883 -0.242300 0.000000
-0.779808 0.367565 -0.151797 3.000000
-0.183128 -0.316685 -0.022300 0.000000
-0.463484 0.209316 0.059414 3.000000
0.844713 -0.046068 0.155062 1.000000
0.160019 -0.408017 -0.180535 0.000000
-0.412337 -0.236701 0.050523 0.000000
0.219416 0.025882 0.165643 2.000000
-0.677265 0.087169 0.155532 2.000000
-0.033889 -0.443433 -0.208410 0.000000
-0.466961 0.371589 -0.174565 3.000000
-0.343957 -0.038703 0.191929 1.000000
-0.221524 0.217298 0.013087 3.000000
-0.488900 0.278914 -0.037427 3.000000
0.155188 -0.028123 0.179800 1.000000
-0.583770 -0.267423 0.000828 0.000000
0.148164 0.408215 -0.211001 3.000000
-0.185058 -0.141144 0.147210 1.000000
-0.222841 -0.299241 -0.043214 0.000000
-0.467255 -0.150797 0.104923 1.000000
-0.576657 -0.394993 -0.141474 0.000000
-0.479428 -0.215836 0.095730 0.000000
0.491140 -0.082145 0.163058 1.000000
-0.155405 -0.248056 0.006048 0.000000
-0.470116 -0.354513 -0.105253 0.000000
-0.358230 -0.097881 0.159457 1.000000
0.323774 0.249597 -0.025849 3.000000
-0.475100 -0.069465 0.151986 1.000000
0.729783 -0.159563 0.114398 1.000000
0.654075 0.312697 -0.088846 3.000000
0.663597 -0.078121 0.163519 1.000000
-0.338944 -0.269402 0.028499 0.000000
0.667621 0.155847 0.090337 2.000000
-0.490061 0.429557 -0.237039 3.000000
-0.636718 0.146910 0.123563 2.000000
-0.222841 -0.299241 -0.043214 0.000000
-0.488879 -0.220645 0.072832 0.000000
-0.117604 0.120211 0.137635 2.000000
-0.113868 -0.098768 0.147818 1.000000
-0.786084 -0.332904 -0.097388 0.000000
-0.287497 0.265054 -0.014642 3.000000
0.150420 -0.061292 0.161328 1.000000
0.039193 -0.364630 -0.113564 0.000000
0.348642 0.454858 -0.228582 3.000000
0.587374 0.044073 0.156597 2.000000
0.550812 -0.394965 -0.170378 0.000000
-0.598432 0.229010 0.016888 3.000000
-0.077827 -0.446953 -0.223532 0.000000
0.273930 -0.410294 -0.168548 0.000000
0.472193 0.112671 0.135942 2.000000
-0.408859 -0.231282 0.054738 0.000000
-0.726159 0.125966 0.118673 2.000000
0.510697 -0.253809 0.006163 0.000000
0.418015 -0.327301 -0.084926 0.000000
-0.535784 -0.372310 -0.138756 0.000000
-0.541713 0.346282 -0.139413 3.000000
0.771351 0.463315 -0.247376 3.000000
0.402427 0.090822 0.141912 2.000000
-0.809283 -0.079335 0.144444 1.000000
-0.474043 -0.038072 0.186635 1.000000
0.709750 0.309524 -0.050919 3.000000
0.015486 0.315993 -0.104937 3.000000
0.470628 -0.065162 0.159244 1.000000
-0.418302 0.365461 -0.151300 3.000000
-0.664595 0.351779 -0.136727 3.000000
0.092837 0.301107 -0.075740 3.000000
-0.411843 -0.450606 -0.243709 0.000000
-0.461626 0.213905 0.067749 3.000000
0.103490 0.140064 0.113909 2.000000
0.294443 -0.109006 0.128819 1.000000
0.458104 -0.226610 0.056282 0.000000
0.768290 0.389225 -0.196716 3.000000
0.346809 0.374341 -0.151010 3.000000
0.657357 -0.082716 0.150792 1.000000
0.041624 -0.168560 0.114219 1.000000
-0.837382 0.331708 -0.148757 3.000000
-0.340318 0.011134 0.190534 2.000000
0.606451 -0.446163 -0.227152 0.000000
-0.720563 0.198702 0.038857 3.000000
-0.286838 0.263042 -0.038063 3.000000
0.846494 -0.134086 0.112930 1.000000
0.099925 0.400242 -0.188285 3.000000
-0.170335 0.275197 -0.073780 3.000000
-0.515881 -0.131287 0.102579 1.000000
-0.582077 -0.097728 0.146612 1.000000
0.866822 0.330579 -0.100733 3.000000
-0.583741 -0.046397 0.156135 1.000000
0.357934 0.360115 -0.168934 3.000000
-0.536519 -0.309594 -0.046307 0.000000
-0.106860 0.029162 0.179346 2.000000
-0.517602 -0.293825 -0.005949 0.000000
-0.196536 -0.474184 -0.278317 0.000000
0.765991 0.091335 0.146099 2.000000
0.458421 -0.374910 -0.148924 0.000000
-0.782559 -0.356277 -0.113370 0.000000
-0.652317 0.285945 -0.070603 3.000000
0.148305 0.235988 -0.004060 3.000000
0.352082 -0.097818 0.147905 1.000000
0.671027 -0.416359 -0.209521 0.000000
-0.019266 -0.099572 0.129579 1.000000
-0.787503 0.232304 0.000220 3.000000
-0.654996 -0.242945 0.014635 0.000000
0.395187 0.387506 -0.181053 3.000000
-0.350187 0.433141 -0.242598 3.000000
0.125491 0.081502 0.145971 2.000000
-0.229582 -0.113211 0.128268 1.000000
-0.851005 -0.371475 -0.170567 0.000000
-0.348789 -0.037977 0.189923 1.000000
-0.406542 0.055670 0.151170 2.000000
-0.653781 0.345211 -0.140697 3.000000
-0.348215 -0.234304 0.069829 0.000000
-0.301691 0.160933 0.104840 2.000000
-0.641560 -0.363456 -0.138287 0.000000
-0.724370 -0.446702 -0.215792 0.000000
-0.032518 -0.325246 -0.081441 0.000000
-0.778866 -0.132634 0.111897 1.000000
-0.785732 -0.095630 0.155285 1.000000
0.167010 0.132100 0.104759 2.000000
0.654075 0.312697 -0.088846 3.000000
-0.403268 -0.056582 0.167357 1.000000
0.018821 -0.055854 0.163141 1.000000
-0.217124 0.413459 -0.233268 3.000000
0.049975 -0.150523 0.114942 1.000000
-0.647582 0.160766 0.124711 2.000000
-0.648686 0.078431 0.147326 2.000000
0.341998 0.066905 0.164900 2.000000
0.716710 0.264752 -0.055863 3.000000
-0.040460 -0.101257 0.120011 1.000000
0.023114 0.417532 -0.236025 3.000000
0.789606 -0.152321 0.109365 1.000000
0.236337 0.440246 -0.216184 3.000000
-0.029764 -0.101849 0.138472 1.000000
0.145228 0.164345 0.111221 2.000000
-0.523494 0.139756 0.109192 2.000000
0.524588 -0.151908 0.109660 1.000000
-0.780176 -0.402816 -0.164990 0.000000
-0.335545 0.217071 0.034665 3.000000
-0.655601 -0.052047 0.158140 1.000000
0.210090 -0.444603 -0.227296 0.000000
0.664183 0.102095 0.121907 2.000000
-0.777246 -0.251653 0.039411 0.000000
-0.713297 -0.270491 0.006868 0.000000
-0.481920 0.151150 0.122874 2.000000
-0.654446 0.203611 0.096009 3.000000
-0.350360 -0.062019 0.178247 1.000000
-0.093173 -0.019309 0.172591 1.000000
0.154150 -0.121616 0.155258 1.000000
-0.529909 0.363300 -0.176533 3.000000
0.783738 0.150221 0.116323 2.000000
0.715842 0.322682 -0.151073 3.000000
-0.535755 -0.271238 -0.001844 0.000000
-0.406192 -0.104702 0.150573 1.000000
-0.087915 -0.115720 0.126227 1.000000
0.099528 -0.430339 -0.220194 0.000000
-0.095352 -0.286115 -0.014432 0.000000
-0.656729 0.076338 0.140441 2.000000
-0.664200 0.219121 0.020186 3.000000
0.344831 0.036240 0.177350 2.000000
0.473607 0.305552 -0.075873 3.000000
-0.223019 -0.092112 0.156656 1.000000
0.724146 0.364534 -0.146347 3.000000
-0.223791 -0.127948 0.143023 1.000000
0.149317 -0.235320 0.023676 0.000000
-0.335434 -0.071345 0.136779 1.000000
-0.471463 0.152027 0.098405 2.000000
0.230807 0.081739 0.142219 2.000000
0.273551 -0.132495 0.125112 1.000000
0.282720 0.102010 0.142026 2.000000
-0.679013 0.093532 0.158881 2.000000
-0.574463 0.382165 -0.149568 3.000000
0.583321 0.354935 -0.167479 3.000000
0.527943 0.058077 0.161794 2.000000
-0.789837 0.107609 0.112049 2.000000
0.218967 0.350914 -0.151008 3.000000
0.348985 0.247715 -0.020333 3.000000
-0.282712 0.385454 -0.193836 3.000000
-0.034021 -0.280300 0.007355 0.000000
0.726851 -0.254381 0.028605 0.000000
-0.523494 0.139756 0.109192 2.000000
-0.465342 0.106320 0.119375 2.000000
0.329553 -0.430974 -0.204176 0.000000
-0.210103 0.434366 -0.230205 3.000000
-0.596766 0.398490 -0.202932 3.000000
0.737324 0.024890 0.167588 2.000000
0.369299 -0.214781 0.061211 0.000000
-0.652180 0.292009 -0.039411 3.000000
-0.649301 -0.252740 -0.002967 0.000000
0.407659 0.182190 0.076870 3.000000
-0.155496 -0.097285 0.121875 1.000000
0.081879 0.389643 -0.204048 3.000000
0.106881 -0.109991 0.125657 1.000000
0.486272 -0.440633 -0.201733 0.000000
0.548455 -0.021004 0.176991 1.000000
0.265944 0.438470 -0.240915 3.000000
-0.148482 -0.139821 0.132389 1.000000
0.021430 0.351604 -0.124525 3.000000
0.773654 0.425212 -0.259878 3.000000
0.098986 -0.461056 -0.255008 0.000000
0.269164 0.440104 -0.251863 3.000000
-0.858318 0.348972 -0.121341 3.000000
-0.602844 0.193884 0.073775 3.000000
0.540686 -0.019131 0.180074 1.000000
-0.153440 -0.154981 0.114216 1.000000
0.337236 0.309364 -0.060583 3.000000
0.791744 0.217328 0.053398 3.000000
0.463780 0.451912 -0.262723 3.000000
-0.530133 0.233148 0.010868 3.000000
0.161747 -0.212866 0.062330 0.000000
-0.080669 -0.137509 0.121754 1.000000
-0.780658 -0.324901 -0.076741 0.000000
0.411257 -0.114358 0.154918 1.000000
0.350554 -0.070912 0.160862 1.000000
0.040208 0.435298 -0.231783 3.000000
0.654283 0.279540 -0.040706 3.000000
0.593136 0.280174 -0.027057 3.000000
0.148440 0.427517 -0.219293 3.000000
0.080081 0.252427 0.003480 3.000000
0.355338 -0.266598 0.003376 0.000000
0.858054 0.395228 -0.215489 3.000000
0.281628 0.105076 0.110914 2.000000
-0.476776 -0.111083 0.134570 1.000000
0.032704 -0.469995 -0.254911 0.000000
0.154150 -0.121616 0.155258 1.000000
0.224696 -0.385221 -0.139635 0.000000
-0.267685 -0.307684 -0.045529 0.000000
-0.017407 0.289106 -0.060214 3.000000
-0.285620 -0.414001 -0.161058 0.000000
0.157425 -0.070366 0.145449 1.000000
-0.780490 -0.208989 0.072828 0.000000
-0.333953 0.074012 0.151826 2.000000
-0.165140 -0.250995 0.017380 0.000000
0.081528 0.190790 0.091869 3.000000
0.151852 0.277606 -0.047104 3.000000
0.008190 0.159794 0.105899 2.000000
0.766491 0.324535 -0.088992 3.000000
-0.712293 0.155420 0.111999 2.000000
0.339541 0.224074 0.041533 3.000000
0.644406 0.031554 0.186677 2.000000
0.348585 0.344506 -0.131876 3.000000
-0.599015 -0.390669 -0.159209 0.000000
0.087103 0.317187 -0.076303 3.000000
0.664169 0.100209 0.141182 2.000000
0.162461 -0.389865 -0.158027 0.000000
-0.287604 0.051972 0.159743 2.000000
-0.843190 0.351424 -0.140368 3.000000
-0.294534 0.019861 0.217879 2.000000
0.718067 0.226772 0.012446 3.000000
-0.544007 -0.152802 0.121161 1.000000
0.145492 0.278360 -0.047038 3.000000
0.012187 0.372829 -0.165368 3.000000
-0.052798 0.322528 -0.120340 3.000000
-0.460871 -0.403670 -0.139193 0.000000
-0.588517 -0.341562 -0.129374 0.000000
-0.657095 -0.075648 0.140583 1.000000
-0.035319 -0.345555 -0.052598 0.000000
0.653206 -0.251440 0.029651 0.000000
0.549100 -0.206450 0.106097 0.000000
-0.837844 0.423897 -0.181436 3.000000
-0.280459 -0.364540 -0.128433 0.000000
0.520874 -0.296222 -0.032356 0.000000
0.150275 0.055334 0.153109 2.000000
-0.596745 -0.452838 -0.280240 0.000000
0.260366 -0.245803 0.024782 0.000000
-0.222255 -0.254892 0.016240 0.000000
0.284686 -0.290174 -0.015372 0.000000
-0.078667 0.367213 -0.144092 3.000000
0.821758 0.115609 0.112931 2.000000
0.345455 -0.303079 -0.015363 0.000000
0.173048 0.233196 0.025879 3.000000
0.341450 -0.134889 0.123274 1.000000
0.101856 -0.320028 -0.047795 0.000000
-0.085795 0.449737 -0.254334 3.000000
0.584539 -0.233303 0.064760 0.000000
-0.595796 -0.437351 -0.230086 0.000000
0.830395 0.204505 0.061861 3.000000
0.034858 0.104212 0.146887 2.000000
0.844713 -0.046068 0.155062 1.000000
-0.577527 -0.171562 0.107415 1.000000
0.703600 0.254344 -0.006629 3.000000
-0.427054 -0.066192 0.156845 1.000000
0.651668 0.043983 0.149154 2.000000
-0.519319 0.319390 -0.075341 3.000000
-0.527847 0.135767 0.127398 2.000000
-0.469447 -0.368253 -0.129578 0.000000
-0.596705 0.317279 -0.130232 3.000000
0.533317 -0.439047 -0.245239 0.000000
0.334881 0.111721 0.144888 2.000000
-0.639000 -0.246297 0.048636 0.000000
0.094660 -0.370050 -0.114798 0.000000
0.094676 -0.140263 0.113176 1.000000
-0.599461 0.368487 -0.194863 3.000000
-0.603410 -0.117840 0.126549 1.000000
0.042220 0.266714 -0.016841 3.000000
-0.843969 0.380917 -0.158521 3.000000
0.834305 -0.379915 -0.111226 0.000000
-0.656729 0.076338 0.140441 2.000000
0.167010 0.132100 0.104759 2.000000
-0.291333 -0.287372 -0.014994 0.000000
-0.469019 0.422065 -0.231907 3.000000
0.587629 -0.059201 0.170647 1.000000
-0.786846 0.126913 0.123309 2.000000
-0.408726 0.317225 -0.099127 3.000000
-0.277749 -0.417607 -0.179251 0.000000
0.789606 -0.152321 0.109365 1.000000
0.208446 -0.358096 -0.119153 0.000000
0.151514 -0.485451 -0.250163 0.000000
-0.022753 -0.367733 -0.108654 0.000000
-0.847906 0.409170 -0.220728 3.000000
0.338130 -0.393058 -0.177859 0.000000
0.092066 -0.444175 -0.200641 0.000000
0.154656 -0.092926 0.158285 1.000000
-0.353026 0.052349 0.152506 2.000000
0.216717 0.152072 0.105360 2.000000
-0.032518 -0.325246 -0.081441 0.000000
0.405084 0.046835 0.168849 2.000000
-0.331100 0.038169 0.159526 2.000000
-0.596052 0.379586 -0.177206 3.000000
-0.294534 0.019861 0.217879 2.000000
0.081879 0.389643 -0.204048 3.000000
0.401266 -0.400663 -0.157582 0.000000
0.457612 -0.097271 0.130823 1.000000
0.041624 -0.168560 0.114219 1.000000
0.667980 -0.012145 0.193888 1.000000
0.412068 0.458938 -0.244860 3.000000
0.046123 0.118161 0.112569 2.000000
-0.264264 0.015857 0.192028 2.000000
-0.317628 -0.434325 -0.214080 0.000000
-0.522643 -0.259429 0.010902 0.000000
0.774756 -0.405571 -0.186819 0.000000
-0.456767 -0.279958 -0.009207 0.000000
-0.836061 0.247750 0.009902 3.000000
0.725839 -0.171219 0.100844 1.000000
0.857624 -0.016467 0.162521 1.000000
-0.397219 0.369540 -0.156708 3.000000
-0.535755 -0.271238 -0.001844 0.000000
0.272178 0.436756 -0.245127 3.000000
0.173048 0.233196 0.025879 3.000000
0.092837 0.301107 -0.075740 3.000000
-0.668229 -0.182076 0.100586 1.000000
-0.353026 0.052349 0.152506 2.000000
-0.667189 0.295991 -0.072912 3.000000
0.717389 -0.256845 0.012018 0.000000
0.527333 0.271128 -0.006395 3.000000
0.039193 -0.364630 -0.113564 0.000000
0.654868 -0.028827 0.182703 1.000000
-0.406542 0.055670 0.151170 2.000000
-0.286450 -0.282001 -0.000282 0.000000
-0.045626 0.076604 0.122071 2.000000
-0.161168 -0.388869 -0.153819 0.000000
0.228252 0.184765 0.062704 3.000000
0.153022 0.208086 0.055402 3.000000
0.765937 -0.049101 0.168375 1.000000
-0.855583 -0.033637 0.202925 1.000000
-0.095046 0.081018 0.149081 2.000000
0.211413 0.162085 0.100144 2.000000
-0.596766 0.398490 -0.202932 3.000000
-0.541668 -0.446414 -0.244811 0.000000
-0.414709 0.367017 -0.146111 3.000000
-0.390843 -0.207448 0.097316 0.000000
0.101088 -0.076263 0.149660 1.000000
-0.638385 0.289834 -0.069551 3.000000
-0.159357 0.156233 0.110873 2.000000
-0.208237 0.281070 -0.071686 3.000000
0.662514 -0.058778 0.162602 1.000000
-0.847334 -0.091439 0.111770 1.000000
-0.225269 0.256644 -0.043713 3.000000
-0.459103 -0.053565 0.154140 1.000000
-0.656291 -0.119957 0.114437 1.000000
-0.518551 -0.152355 0.126031 1.000000
-0.856198 -0.130061 0.141151 1.000000
-0.286450 -0.282001 -0.000282 0.000000
0.085082 -0.022862 0.202693 1.000000
-0.222231 0.309352 -0.092572 3.000000
0.782189 0.285856 -0.052894 3.000000
0.034893 0.150892 0.113689 2.000000
-0.166431 0.158302 0.124348 2.000000
-0.836061 0.247750 0.009902 3.000000
-0.525674 0.081250 0.148165 2.000000
-0.269959 0.042875 0.156835 2.000000
-0.226607 0.209718 0.050556 3.000000
0.856379 0.423580 -0.248508 3.000000
0.344563 -0.095536 0.152358 1.000000
-0.660308 -0.249336 0.042420 0.000000
-0.729434 0.138461 0.118444 2.000000
-0.718846 0.282437 -0.032575 3.000000
-0.488900 0.278914 -0.037427 3.000000
0.158612 -0.072415 0.160789 1.000000
0.413541 0.358817 -0.168475 3.000000
0.606341 0.101816 0.130013 2.000000
0.094549 -0.474757 -0.270095 0.000000
0.270776 -0.287122 -0.033984 0.000000
0.335485 0.401453 -0.240765 3.000000
-0.710105 0.108904 0.114533 2.000000
0.161747 -0.212866 0.062330 0.000000
-0.093505 0.151767 0.115883 2.000000
-0.408726 0.317225 -0.099127 3.000000
-0.476776 -0.111083 0.134570 1.000000
-0.090152 -0.487900 -0.267023 0.000000
-0.804505 -0.311618 -0.044501 0.000000
-0.732692 -0.230424 0.031278 0.000000
-0.398943 -0.157360 0.098373 1.000000
0.459614 -0.369558 -0.153648 0.000000
0.770592 0.266747 -0.037595 3.000000
-0.408859 -0.231282 0.054738 0.000000
0.552746 -0.369858 -0.139179 0.000000
0.050259 0.134172 0.121388 2.000000
0.517636 -0.156842 0.109620 1.000000
-0.849505 0.149060 0.116978 2.000000
-0.786058 -0.241044 0.043226 0.000000
0.023169 -0.039656 0.154168 1.000000
0.853409 -0.139971 0.124239 1.000000
0.517953 0.213926 0.086167 3.000000
0.359616 -0.454812 -0.249145 0.000000
-0.532743 -0.068663 0.150925 1.000000
-0.166694 0.153540 0.126352 2.000000
-0.398898 0.339423 -0.120697 3.000000
-0.523106 0.084845 0.120011 2.000000
-0.222272 0.428165 -0.231251 3.000000
-0.547277 -0.395477 -0.168661 0.000000
0.589651 0.379645 -0.178906 3.000000
0.578714 0.305368 -0.084013 3.000000
-0.399958 -0.484117 -0.238546 0.000000
0.514904 0.017191 0.176199 2.000000
0.211075 -0.445101 -0.203639 0.000000
-0.208322 0.185761 0.062633 3.000000
-0.094639 -0.349854 -0.081830 0.000000
0.148213 0.321107 -0.071640 3.000000
0.018821 -0.055854 0.163141 1.000000
-0.778485 0.459759 -0.254783 3.000000
-0.052798 0.322528 -0.120340 3.000000
-0.860903 0.449725 -0.237891 3.000000
-0.230284 0.230682 0.009032 3.000000
-0.342531 -0.274794 0.004660 0.000000
-0.215237 0.109205 0.128948 2.000000
-0.856198 -0.130061 0.141151 1.000000
-0.637616 0.023683 0.175331 2.000000
-0.219117 0.439995 -0.243388 3.000000
-0.712957 -0.082561 0.155256 1.000000
-0.223019 -0.092112 0.156656 1.000000
-0.206693 -0.159259 0.133339 1.000000
-0.463484 0.209316 0.059414 3.000000
0.593899 -0.352762 -0.098026 0.000000
0.027370 0.456468 -0.264642 3.000000
-0.654126 0.043049 0.167394 2.000000
-0.470418 -0.173392 0.117520 1.000000
0.737500 0.368665 -0.172257 3.000000
0.163076 0.072594 0.152972 2.000000
0.395187 0.387506 -0.181053 3.000000
0.676456 0.275103 -0.016739 3.000000
0.408868 -0.448858 -0.219440 0.000000
-0.210372 0.419414 -0.222972 3.000000
0.548455 -0.021004 0.176991 1.000000
-0.721655 -0.120115 0.131183 1.000000
0.148849 -0.116070 0.156334 1.000000
-0.600334 0.041373 0.149080 2.000000
-0.393385 0.113217 0.129284 2.000000
-0.460871 -0.403670 -0.139193 0.000000
0.211295 0.221002 0.015437 3.000000
0.651515 -0.116720 0.108335 1.000000
-0.412337 -0.236701 0.050523 0.000000
0.467433 0.464364 -0.252578 3.000000
-0.347170 0.196643 0.107010 3.000000
-0.349120 -0.356868 -0.135398 0.000000
-0.366616 -0.378887 -0.132883 0.000000
0.031470 0.404744 -0.204635 3.000000
0.143329 -0.220841 0.064160 0.000000
-0.530133 0.233148 0.010868 3.000000
-0.580681 -0.146955 0.131020 1.000000
0.144076 0.194525 0.056830 3.000000
0.141529 0.076594 0.110625 2.000000
-0.778781 0.394083 -0.177138 3.000000
-0.216048 -0.462247 -0.225948 0.000000
0.600481 -0.063211 0.163176 1.000000
0.149777 -0.286138 -0.005123 0.000000
-0.521097 0.337589 -0.129362 3.000000
-0.287497 0.265054 -0.014642 3.000000
0.232286 0.323188 -0.070194 3.000000
0.352065 -0.121588 0.137737 1.000000
0.280245 -0.408422 -0.204388 0.000000
0.271117 -0.316666 -0.085710 0.000000
-0.592629 0.197284 0.080901 3.000000
0.636248 0.155228 0.104435 2.000000
-0.042056 -0.247336 0.050026 0.000000
-0.267685 -0.307684 -0.045529 0.000000
0.018593 0.096069 0.143479 2.000000
-0.088866 -0.047250 0.148425 1.000000
0.528342 0.224277 0.027882 3.000000
-0.083574 -0.033076 0.178263 1.000000
-0.220794 -0.164626 0.125981 1.000000
0.552746 -0.369858 -0.139179 0.000000
-0.777758 0.050920 0.158666 2.000000
0.463736 0.081121 0.138633 2.000000
-0.338493 0.288250 -0.054168 3.000000
-0.792884 0.028720 0.154875 2.000000
-0.334573 -0.355020 -0.128788 0.000000
-0.517602 -0.293825 -0.005949 0.000000
0.523789 -0.351345 -0.093708 0.000000
0.721003 -0.268021 -0.027478 0.000000
0.866822 0.330579 -0.100733 3.000000
-0.649799 0.089572 0.123024 2.000000
0.089745 -0.423508 -0.198444 0.000000
-0.595567 0.054809 0.146399 2.000000
0.163647 -0.141573 0.122598 1.000000
0.038981 -0.016235 0.201845 1.000000
-0.675802 -0.076118 0.147269 1.000000
0.590064 -0.268962 0.022600 0.000000
-0.152886 0.095383 0.109680 2.000000
0.352898 -0.125652 0.117486 1.000000
0.201429 0.124766 0.108335 2.000000
-0.229159 -0.046543 0.158232 1.000000
0.790580 -0.167829 0.101991 1.000000
0.225665 0.445389 -0.259219 3.000000
0.251446 -0.327785 -0.082902 0.000000
0.836268 0.327741 -0.108696 3.000000
-0.579225 0.279422 -0.042919 3.000000
0.201292 0.095534 0.142442 2.000000
-0.639000 -0.246297 0.048636 0.000000
0.850536 0.017380 0.190947 2.000000
0.766491 0.324535 -0.088992 3.000000
-0.718943 0.169184 0.090314 2.000000
0.211366 0.178415 0.081081 3.000000
0.792436 0.052043 0.148050 2.000000
-0.838718 -0.439328 -0.233257 0.000000
0.794164 -0.446310 -0.202571 0.000000
-0.083574 -0.033076 0.178263 1.000000
-0.030936 -0.096931 0.131987 1.000000
-0.723840 -0.373877 -0.129218 0.000000
0.584539 -0.233303 0.064760 0.000000
-0.659127 -0.439997 -0.180323 0.000000
0.641736 0.104391 0.121823 2.000000
0.663331 -0.306145 -0.051502 0.000000
0.459731 -0.456552 -0.227577 0.000000
-0.595693 -0.288098 -0.011452 0.000000
0.770592 0.266747 -0.037595 3.000000
0.143849 0.360858 -0.151750 3.000000
0.317572 -0.137427 0.130580 1.000000
0.211659 -0.112677 0.130925 1.000000
0.532780 -0.325475 -0.064106 0.000000
0.651668 0.043983 0.149154 2.000000
-0.414929 0.011356 0.167454 2.000000
0.030448 -0.353433 -0.097142 0.000000
-0.582077 -0.097728 0.146612 1.000000
0.461804 -0.220435 0.099482 0.000000
0.777121 0.324003 -0.112242 3.000000
0.415762 0.127051 0.116465 2.000000
-0.582880 -0.330871 -0.051471 0.000000
0.211323 -0.302392 -0.043612 0.000000
0.841554 -0.070923 0.154642 1.000000
0.469041 0.149188 0.121822 2.000000
-0.237294 0.330772 -0.091344 3.000000
0.092572 -0.235011 0.050175 0.000000
0.472193 0.112671 0.135942 2.000000
-0.675802 -0.076118 0.147269 1.000000
-0.607436 -0.077884 0.144674 1.000000
0.019437 0.251554 -0.011984 3.000000
-0.522369 0.153228 0.111061 2.000000
-0.664595 0.351779 -0.136727 3.000000
0.643027 -0.204281 0.094576 0.000000
-0.726159 0.125966 0.118673 2.000000
0.403921 -0.080495 0.140120 1.000000
0.486272 -0.440633 -0.201733 0.000000
-0.667693 0.433259 -0.253497 3.000000
0.707191 0.275270 -0.046141 3.000000
0.077133 -0.251646 0.007048 0.000000
0.034858 0.104212 0.146887 2.000000
-0.718846 0.282437 -0.032575 3.000000
-0.707594 0.396270 -0.181970 3.000000
-0.160013 -0.069966 0.130842 1.000000
0.210470 0.019263 0.161500 2.000000
-0.220943 0.222901 0.022012 3.000000
-0.409162 -0.343129 -0.126521 0.000000
0.036389 -0.338316 -0.108722 0.000000
0.294334 -0.385969 -0.114025 0.000000
0.267383 0.395105 -0.205802 3.000000
-0.218229 0.276536 -0.020595 3.000000
0.533075 0.333810 -0.086037 3.000000
0.401800 -0.404327 -0.157604 0.000000
0.421816 -0.392404 -0.154582 0.000000
-0.544274 0.084396 0.139065 2.000000
-0.158695 -0.449506 -0.221854 0.000000
-0.444447 -0.432795 -0.216234 0.000000
0.769063 -0.214401 0.058932 0.000000
-0.547277 -0.395477 -0.168661 0.000000
-0.295404 0.260264 -0.022842 3.000000
0.858054 0.395228 -0.215489 3.000000
0.278429 -0.406341 -0.177092 0.000000
0.226171 0.162042 0.105615 2.000000
-0.856289 0.254848 0.006225 3.000000
-0.535869 -0.367326 -0.104689 0.000000
-0.358230 -0.097881 0.159457 1.000000
-0.279281 0.302729 -0.097969 3.000000
-0.670593 -0.398022 -0.198319 0.000000
0.852262 -0.244101 0.046983 0.000000
0.027358 0.116189 0.130280 2.000000
-0.454270 0.310399 -0.064704 3.000000
0.390196 -0.359798 -0.109666 0.000000
0.392868 0.221802 0.069070 3.000000
0.018593 0.096069 0.143479 2.000000
0.844255 -0.462677 -0.260701 0.000000
0.153957 0.246908 -0.013892 3.000000
0.165255 -0.249955 0.027943 0.000000
0.216825 0.024007 0.191028 2.000000
0.782093 -0.230525 0.042131 0.000000
0.589208 -0.118276 0.127301 1.000000
0.794541 0.157027 0.096137 2.000000
0.715954 0.265660 -0.040864 3.000000
-0.571239 -0.153925 0.097385 1.000000
0.780430 0.017766 0.191198 2.000000
-0.542822 0.212475 0.061658 3.000000
0.380306 -0.365470 -0.127313 0.000000
-0.407715 -0.018248 0.183221 1.000000
-0.401201 0.104672 0.152334 2.000000
-0.167646 0.078017 0.145681 2.000000
-0.334228 0.144962 0.123040 2.000000
-0.160748 0.056214 0.157032 2.000000
0.779841 0.400510 -0.208096 3.000000
0.267383 0.395105 -0.205802 3.000000
-0.482320 0.036961 0.171347 2.000000
-0.599461 0.368487 -0.194863 3.000000
0.586095 -0.048030 0.208171 1.000000
-0.579369 0.173183 0.119791 2.000000
-0.104555 -0.109438 0.112495 1.000000
0.590599 0.010907 0.184301 2.000000
0.277703 -0.411599 -0.202811 0.000000
-0.390190 -0.359807 -0.112467 0.000000
-0.139724 -0.121577 0.128669 1.000000
-0.606810 -0.387897 -0.161162 0.000000
0.767782 0.320714 -0.085880 3.000000
-0.095408 0.192953 0.090644 3.000000
0.600481 -0.063211 0.163176 1.000000
0.153957 0.246908 -0.013892 3.000000
-0.036670 0.069326 0.157525 2.000000
0.533317 -0.439047 -0.245239 0.000000
0.217211 -0.482301 -0.245381 0.000000
-0.527847 0.135767 0.127398 2.000000
0.099528 -0.430339 -0.220194 0.000000
-0.539280 -0.234323 0.050208 0.000000
-0.028690 -0.029305 0.185971 1.000000
-0.848327 -0.256816 -0.017848 0.000000
0.015330 -0.373676 -0.163254 0.000000
0.219958 0.187905 0.115709 3.000000
-0.155405 -0.248056 0.006048 0.000000
-0.414405 0.126911 0.123579 2.000000
0.336967 -0.211044 0.066378 0.000000
0.712747 -0.356083 -0.096092 0.000000
-0.401201 0.104672 0.152334 2.000000
0.724439 -0.455188 -0.242609 0.000000
0.026324 -0.463065 -0.271331 0.000000
-0.264264 0.015857 0.192028 2.000000
-0.752355 0.379774 -0.189595 3.000000
0.467724 -0.323738 -0.076288 0.000000
-0.582299 0.106656 0.141974 2.000000
0.263825 -0.380656 -0.125211 0.000000
-0.722521 -0.267673 0.019811 0.000000
-0.667921 -0.444168 -0.225740 0.000000
0.786684 -0.229565 0.049568 0.000000
-0.475310 0.011909 0.178292 2.000000
-0.643792 -0.165645 0.107861 1.000000
0.724439 -0.455188 -0.242609 0.000000
0.844238 -0.210582 0.094333 0.000000
0.072830 -0.379367 -0.141073 0.000000
0.660601 0.397401 -0.196409 3.000000
-0.535755 -0.271238 -0.001844 0.000000
0.251446 -0.327785 -0.082902 0.000000
0.656709 0.090170 0.121823 2.000000
-0.648601 -0.065081 0.142876 1.000000
-0.155608 -0.468480 -0.234682 0.000000
-0.734574 0.105283 0.125279 2.000000
0.023114 0.417532 -0.236025 3.000000
0.653827 0.292291 -0.053180 3.000000
0.780517 0.143520 0.117938 2.000000
0.125491 0.081502 0.145971 2.000000
-0.025214 0.146232 0.099395 2.000000
-0.474693 0.288090 -0.048300 3.000000
-0.215237 0.109205 0.128948 2.000000
-0.152101 0.039671 0.153812 2.000000
0.522838 -0.396754 -0.143898 0.000000
-0.701507 -0.457427 -0.217792 0.000000
0.266667 -0.408512 -0.160959 0.000000
0.773654 0.425212 -0.259878 3.000000
0.228252 0.184765 0.062704 3.000000
0.767346 -0.225322 0.029942 0.000000
-0.152350 0.438109 -0.245458 3.000000
0.529323 0.481981 -0.248579 3.000000
0.110735 -0.100991 0.118829 1.000000
-0.830086 -0.097018 0.138777 1.000000
-0.715130 -0.202350 0.091687 0.000000
0.844238 -0.210582 0.094333 0.000000
-0.604909 0.161760 0.111951 2.000000
0.341315 -0.227121 0.073085 0.000000
-0.017407 0.289106 -0.060214 3.000000
0.723952 -0.273983 0.033159 0.000000
-0.723376 0.248343 0.041896 3.000000
0.220324 0.429453 -0.262614 3.000000
0.468102 -0.130454 0.131722 1.000000
-0.848327 -0.256816 -0.017848 0.000000
0.412068 0.458938 -0.244860 3.000000
-0.481920 0.151150 0.122874 2.000000
0.340287 -0.283076 -0.007292 0.000000
-0.293545 0.302363 -0.087573 3.000000
-0.105369 -0.170837 0.093801 1.000000
0.087668 -0.342174 -0.063453 0.000000
0.606121 -0.147823 0.110323 1.000000
0.651668 0.043983 0.149154 2.000000
-0.215909 -0.095255 0.130370 1.000000
-0.485932 0.212177 0.071813 3.000000
0.794595 -0.330242 -0.084975 0.000000
0.172594 -0.357098 -0.131405 0.000000
0.155483 -0.013863 0.179746 1.000000
-0.207949 -0.323069 -0.064500 0.000000
0.556129 -0.421090 -0.184143 0.000000
-0.097522 0.160957 0.105705 2.000000
-0.147767 0.362050 -0.161585 3.000000
-0.828708 0.461851 -0.248787 3.000000
0.794164 -0.446310 -0.202571 0.000000
-0.204781 0.040269 0.177154 2.000000
0.338986 -0.456956 -0.239323 0.000000
-0.467255 -0.150797 0.104923 1.000000
0.782844 0.252776 0.017311 3.000000
0.343377 -0.076161 0.144199 1.000000
-0.200220 -0.326241 -0.041039 0.000000
-0.717529 0.239085 -0.012777 3.000000
-0.091807 0.208586 0.052750 3.000000
-0.396941 0.289012 -0.041867 3.000000
0.133652 -0.329291 -0.052807 0.000000
-0.523196 0.317322 -0.083084 3.000000
0.491140 -0.082145 0.163058 1.000000
-0.650192 -0.368964 -0.121913 0.000000
0.096322 -0.119948 0.152974 1.000000
0.526385 0.076171 0.145478 2.000000
0.043813 0.345701 -0.139340 3.000000
-0.110391 -0.221933 0.053128 0.000000
0.152772 0.212621 0.065179 3.000000
-0.594886 0.402869 -0.192132 3.000000
-0.408859 -0.231282 0.054738 0.000000
-0.603410 -0.117840 0.126549 1.000000
-0.716317 0.294804 -0.068068 3.000000
-0.046023 0.068108 0.155592 2.000000
-0.648686 0.078431 0.147326 2.000000
0.389478 -0.207967 0.103095 0.000000
0.714311 0.060807 0.153315 2.000000
-0.471463 0.152027 0.098405 2.000000
-0.479573 -0.375710 -0.149717 0.000000
0.578085 0.296384 -0.099657 3.000000
0.862237 -0.119035 0.142118 1.000000
0.352484 0.388005 -0.188084 3.000000
0.650626 -0.408235 -0.211030 0.000000
0.401266 -0.400663 -0.157582 0.000000
-0.638366 -0.237815 0.026932 0.000000
0.211323 -0.302392 -0.043612 0.000000
-0.275638 -0.214422 0.069151 0.000000
-0.217276 0.429385 -0.236318 3.000000
-0.518551 -0.152355 0.126031 1.000000
-0.216032 -0.439351 -0.235642 0.000000
-0.212270 0.261458 -0.010829 3.000000
0.842834 -0.252258 -0.011325 0.000000
-0.083598 -0.292557 -0.034533 0.000000
-0.654783 -0.429824 -0.209072 0.000000
-0.273174 -0.112448 0.139583 1.000000
-0.414384 0.349315 -0.163583 3.000000
0.446923 0.377167 -0.184252 3.000000
-0.714773 0.242516 0.035223 3.000000
0.656816 0.035734 0.160798 2.000000
-0.729434 0.138461 0.118444 2.000000
-0.830086 -0.097018 0.138777 1.000000
0.486272 -0.440633 -0.201733 0.000000
-0.240911 -0.338375 -0.090654 0.000000
0.542897 -0.075409 0.152908 1.000000
0.732426 0.383389 -0.177244 3.000000
0.584078 0.206954 0.076943 3.000000
-0.034021 -0.280300 0.007355 0.000000
0.647867 0.416579 -0.222695 3.000000
-0.714773 0.242516 0.035223 3.000000
0.336917 -0.113209 0.152693 1.000000
-0.143659 0.127368 0.126905 2.000000
-0.483510 0.214333 0.067411 3.000000
-0.148482 -0.139821 0.132389 1.000000
0.414062 0.227975 0.008927 3.000000
-0.765492 0.365738 -0.174404 3.000000
-0.024884 0.104086 0.143550 2.000000
-0.037795 0.054058 0.173239 2.000000
0.414476 0.426032 -0.220594 3.000000
-0.510348 0.102232 0.125880 2.000000
-0.335545 0.217071 0.034665 3.000000
0.797630 -0.045938 0.199993 1.000000
0.722649 -0.255970 -0.018706 0.000000
-0.283840 -0.123648 0.123995 1.000000
-0.536586 0.107923 0.131975 2.000000
0.774534 -0.086225 0.151360 1.000000
0.406993 -0.271196 0.016443 0.000000
-0.584366 -0.293926 -0.023049 0.000000
0.412811 -0.279923 -0.018110 0.000000
0.348642 0.454858 -0.228582 3.000000
-0.039753 -0.298818 -0.049509 0.000000
-0.152886 0.095383 0.109680 2.000000
-0.523028 0.014529 0.191368 2.000000
-0.288611 0.203374 0.092962 3.000000
-0.358992 0.110368 0.124295 2.000000
0.150046 -0.282880 -0.004911 0.000000
-0.262060 -0.105182 0.137434 1.000000
0.515712 0.137962 0.127085 2.000000
-0.726159 0.125966 0.118673 2.000000
0.346592 0.051975 0.177487 2.000000
-0.466136 0.262759 0.039541 3.000000
0.844713 -0.046068 0.155062 1.000000
-0.729434 0.138461 0.118444 2.000000
0.846196 -0.218449 0.068503 0.000000
-0.076596 0.036806 0.158455 2.000000
0.029200 0.198093 0.075572 3.000000
0.019880 0.360463 -0.135881 3.000000
-0.653781 0.345211 -0.140697 3.000000
-0.016280 0.060458 0.157871 2.000000
0.395187 0.387506 -0.181053 3.000000
-0.583379 -0.076054 0.127027 1.000000
-0.397219 0.369540 -0.156708 3.000000
-0.712316 0.135959 0.117146 2.000000
-0.596766 0.398490 -0.202932 3.000000
-0.350180 -0.383332 -0.141037 0.000000
-0.648033 0.229084 0.030150 3.000000
-0.021543 0.057188 0.160659 2.000000
-0.518551 -0.152355 0.126031 1.000000
-0.387765 -0.286659 -0.048485 0.000000
-0.712390 -0.347378 -0.088945 0.000000
-0.052798 0.322528 -0.120340 3.000000
0.842805 0.333207 -0.079183 3.000000
-0.208322 0.185761 0.062633 3.000000
0.840687 0.341282 -0.140999 3.000000
-0.713149 0.078909 0.136072 2.000000
0.483882 -0.278502 -0.032104 0.000000
-0.081097 -0.229027 0.026955 0.000000
-0.335540 -0.324414 -0.060842 0.000000
-0.339623 -0.135188 0.125340 1.000000
-0.535457 0.020898 0.160713 2.000000
-0.726915 -0.471470 -0.271979 0.000000
-0.329331 -0.232077 0.053194 0.000000
-0.465318 -0.145364 0.119811 1.000000
-0.717941 -0.079279 0.156847 1.000000
0.642859 -0.211680 0.062774 0.000000
-0.286838 0.263042 -0.038063 3.000000
-0.649553 0.344553 -0.121035 3.000000
-0.467337 0.064733 0.154968 2.000000
0.450564 -0.262472 0.020075 0.000000
0.519791 -0.197425 0.096404 0.000000
-0.276844 0.129942 0.121641 2.000000
0.670954 0.290516 -0.076532 3.000000
0.339541 0.224074 0.041533 3.000000
-0.541713 0.346282 -0.139413 3.000000
0.263893 -0.422076 -0.234297 0.000000
-0.034021 -0.280300 0.007355 0.000000
0.601401 0.329841 -0.081003 3.000000
-0.038090 -0.222245 0.058888 0.000000
0.279264 -0.454419 -0.237865 0.000000
0.722649 -0.255970 -0.018706 0.000000
-0.475100 -0.069465 0.151986 1.000000
-0.709531 -0.029154 0.172213 1.000000
0.354330 -0.140963 0.139391 1.000000
-0.028293 0.055403 0.170581 2.000000
-0.030936 -0.096931 0.131987 1.000000
-0.286180 -0.224388 0.081953 0.000000
-0.425149 -0.107806 0.139754 1.000000
0.847895 -0.020677 0.197617 1.000000
-0.480187 0.010158 0.153007 2.000000
0.084874 0.099428 0.128880 2.000000
0.085231 -0.153683 0.120799 1.000000
-0.033889 -0.443433 -0.208410 0.000000
-0.522802 0.444558 -0.249669 3.000000
0.833624 0.121731 0.112935 2.000000
0.853404 0.126199 0.112306 2.000000
0.288520 -0.487307 -0.256159 0.000000
0.290409 -0.085741 0.152015 1.000000
0.725839 -0.171219 0.100844 1.000000
-0.087067 0.022924 0.174372 2.000000
0.457612 -0.097271 0.130823 1.000000
0.391241 0.387284 -0.196620 3.000000
0.399905 0.072591 0.143350 2.000000
-0.653327 0.114954 0.115304 2.000000
-0.780396 0.113018 0.126710 2.000000
-0.585108 0.250448 -0.004948 3.000000
0.333396 0.152431 0.123567 2.000000
-0.470116 -0.354513 -0.105253 0.000000
-0.224879 -0.043857 0.149314 1.000000
0.549100 -0.206450 0.106097 0.000000
0.712747 -0.356083 -0.096092 0.000000
-0.220243 -0.047020 0.171231 1.000000
0.224618 -0.030487 0.183668 1.000000
-0.684978 0.036966 0.158434 2.000000
0.247490 -0.362789 -0.144874 0.000000
0.086435 -0.309897 -0.055882 0.000000
0.518840 0.223539 0.050950 3.000000
-0.159916 0.111227 0.129894 2.000000
-0.357798 -0.087381 0.126530 1.000000
0.644947 0.437386 -0.229769 3.000000
-0.740804 0.410139 -0.192475 3.000000
-0.219049 0.362109 -0.138044 3.000000
-0.786356 -0.262173 0.016954 0.000000
0.454548 0.123660 0.119849 2.000000
0.591691 -0.170250 0.102092 1.000000
-0.164859 0.097920 0.137112 2.000000
-0.520725 0.244982 -0.005100 3.000000
0.188494 0.267941 -0.044281 3.000000
0.598008 -0.292314 -0.032542 0.000000
0.854896 0.308358 -0.061713 3.000000
-0.472794 0.091406 0.137607 2.000000
-0.475177 -0.106968 0.119099 1.000000
-0.804505 -0.311618 -0.044501 0.000000
0.636248 0.155228 0.104435 2.000000
-0.636718 0.146910 0.123563 2.000000
0.769063 -0.214401 0.058932 0.000000
-0.847906 0.409170 -0.220728 3.000000
-0.029669 0.017917 0.161053 2.000000
0.781634 -0.425598 -0.208947 0.000000
-0.468827 0.113418 0.127071 2.000000
0.160770 0.258572 -0.033757 3.000000
-0.468827 0.113418 0.127071 2.000000
0.025862 0.385792 -0.205783 3.000000
0.015330 -0.373676 -0.163254 0.000000
0.086009 -0.300870 -0.034550 0.000000
-0.591574 -0.108656 0.151731 1.000000
-0.591574 -0.108656 0.151731 1.000000
0.096306 -0.034887 0.195766 1.000000
0.163993 -0.125142 0.155344 1.000000
0.653288 -0.258277 0.023472 0.000000
0.595944 -0.114185 0.138770 1.000000
-0.486723 0.448259 -0.230037 3.000000
0.335485 0.401453 -0.240765 3.000000
0.510697 -0.253809 0.006163 0.000000
0.413861 -0.407736 -0.181225 0.000000
0.283193 0.047016 0.140995 2.000000
-0.641560 -0.363456 -0.138287 0.000000
-0.639000 -0.246297 0.048636 0.000000
0.026868 0.288705 -0.026664 3.000000
-0.216086 0.343776 -0.154443 3.000000
-0.275146 -0.144153 0.120707 1.000000
-0.029764 -0.101849 0.138472 1.000000
0.509314 0.082973 0.131467 2.000000
-0.676339 -0.442702 -0.200475 0.000000
0.034600 -0.288828 -0.002936 0.000000
0.339541 0.224074 0.041533 3.000000
0.674046 0.318217 -0.093716 3.000000
-0.341770 0.286534 -0.028184 3.000000
-0.786356 -0.262173 0.016954 0.000000
0.225665 0.445389 -0.259219 3.000000
0.585967 -0.171215 0.108869 1.000000
0.020750 0.163281 0.116401 2.000000
0.157633 -0.294461 -0.018950 0.000000
0.360076 0.031453 0.160514 2.000000
-0.150820 0.443145 -0.235242 3.000000
0.224618 -0.030487 0.183668 1.000000
0.592114 -0.457616 -0.248568 0.000000
-0.090581 -0.114706 0.123225 1.000000
0.590840 -0.081804 0.151885 1.000000
-0.276811 0.119981 0.119704 2.000000
-0.654654 0.056020 0.138108 2.000000
0.847562 0.422726 -0.246049 3.000000
0.346592 0.051975 0.177487 2.000000
-0.667921 -0.444168 -0.225740 0.000000
0.733998 -0.358084 -0.127773 0.000000
-0.786084 -0.332904 -0.097388 0.000000
-0.736122 -0.070896 0.155317 1.000000
0.387707 -0.262088 -0.002790 0.000000
-0.209067 -0.207778 0.081376 0.000000
-0.325191 0.075112 0.151910 2.000000
-0.236887 0.270073 -0.038347 3.000000
-0.095332 -0.451728 -0.225771 0.000000
0.468715 0.345809 -0.139822 3.000000
0.216717 0.152072 0.105360 2.000000
-0.037294 -0.130703 0.109242 1.000000
0.419339 -0.040961 0.177313 1.000000
-0.216223 -0.463505 -0.248601 0.000000
0.587374 0.044073 0.156597 2.000000
0.472737 -0.303294 -0.039898 0.000000
0.845914 0.395766 -0.186266 3.000000
0.035503 0.442715 -0.232649 3.000000
0.016174 -0.135349 0.135580 1.000000
0.213000 -0.441567 -0.242475 0.000000
-0.170517 -0.430024 -0.194366 0.000000
0.702609 -0.397071 -0.149976 0.000000
-0.804505 -0.311618 -0.044501 0.000000
-0.583803 0.103578 0.132750 2.000000
0.034261 -0.256480 0.030301 0.000000
-0.656291 -0.119957 0.114437 1.000000
0.721003 -0.268021 -0.027478 0.000000
0.162461 -0.389865 -0.158027 0.000000
0.855664 0.401145 -0.214824 3.000000
-0.584268 -0.260705 0.034939 0.000000
0.081879 0.389643 -0.204048 3.000000
-0.835709 0.427262 -0.246872 3.000000
-0.599021 0.159250 0.115176 2.000000
-0.837382 0.331708 -0.148757 3.000000
0.343377 -0.076161 0.144199 1.000000
0.211366 0.178415 0.081081 3.000000
0.654868 -0.028827 0.182703 1.000000
0.407825 0.348592 -0.160862 3.000000
-0.087622 -0.294453 -0.053904 0.000000
-0.858056 0.020002 0.162337 2.000000
0.664937 -0.023370 0.171215 1.000000
-0.412337 -0.236701 0.050523 0.000000
-0.349160 0.253933 -0.040157 3.000000
0.655371 0.320339 -0.121340 3.000000
0.022178 0.153542 0.099903 2.000000
-0.164547 0.146400 0.111103 2.000000
0.591237 0.385565 -0.172655 3.000000
0.658745 -0.254622 0.022302 0.000000
-0.325191 0.075112 0.151910 2.000000
-0.414405 0.126911 0.123579 2.000000
-0.658398 0.276351 -0.065383 3.000000
0.355338 -0.266598 0.003376 0.000000
0.651558 0.210663 0.064113 3.000000
0.641708 -0.374842 -0.125241 0.000000
0.282401 -0.477377 -0.256899 0.000000
0.841554 -0.070923 0.154642 1.000000
-0.214545 -0.249873 0.024879 0.000000
0.158612 -0.072415 0.160789 1.000000
0.177486 -0.287077 -0.029136 0.000000
0.096322 -0.119948 0.152974 1.000000
0.101088 -0.076263 0.149660 1.000000
0.533130 -0.143834 0.119364 1.000000
0.092572 -0.235011 0.050175 0.000000
0.281567 -0.240800 0.057764 0.000000
-0.225269 0.256644 -0.043713 3.000000
0.272103 0.433104 -0.234635 3.000000
0.025651 -0.327489 -0.084694 0.000000
-0.216032 -0.439351 -0.235642 0.000000
-0.029662 0.459359 -0.237007 3.000000
0.150989 -0.303438 -0.049312 0.000000
0.836580 -0.435573 -0.231375 0.000000
-0.292893 0.461522 -0.247468 3.000000
0.720349 -0.057691 0.164275 1.000000
-0.581634 0.251977 0.008706 3.000000
0.290409 -0.085741 0.152015 1.000000
0.275379 -0.153059 0.113105 1.000000
-0.856869 0.274932 -0.037257 3.000000
0.850361 0.368901 -0.190785 3.000000
-0.779505 0.325419 -0.082795 3.000000
0.703600 0.254344 -0.006629 3.000000
0.653338 0.202535 0.092818 3.000000
0.344365 0.362842 -0.151700 3.000000
-0.019694 -0.407544 -0.202896 0.000000
-0.527180 -0.110597 0.140189 1.000000
-0.128536 0.382326 -0.161380 3.000000
-0.716317 0.294804 -0.068068 3.000000
-0.463283 0.078401 0.146842 2.000000
-0.547277 -0.395477 -0.168661 0.000000
0.548455 -0.021004 0.176991 1.000000
0.460764 -0.069961 0.139746 1.000000
-0.340755 0.085446 0.133169 2.000000
-0.853524 -0.083206 0.139567 1.000000
0.450564 -0.262472 0.020075 0.000000
0.161863 -0.049496 0.152365 1.000000
0.232286 0.323188 -0.070194 3.000000
-0.755663 -0.181527 0.096976 1.000000
-0.217240 -0.386240 -0.152965 0.000000
0.702080 -0.414796 -0.193106 0.000000
-0.100484 -0.475074 -0.254944 0.000000
0.344563 -0.095536 0.152358 1.000000
0.399157 0.225088 -0.007436 3.000000
-0.849928 0.092605 0.155828 2.000000
0.464142 -0.324255 -0.065502 0.000000
0.729421 0.227769 0.029020 3.000000
0.643068 0.224707 0.041134 3.000000
0.782827 0.408432 -0.197435 3.000000
0.316057 0.403928 -0.196558 3.000000
-0.150756 0.398616 -0.234432 3.000000
0.857083 0.385198 -0.195558 3.000000
0.206434 -0.366417 -0.124496 0.000000
0.277703 -0.411599 -0.202811 0.000000
0.548472 -0.240881 0.042839 0.000000
-0.477566 0.128854 0.125412 2.000000
-0.397219 0.369540 -0.156708 3.000000
-0.726159 0.125966 0.118673 2.000000
0.807698 -0.169822 0.124627 1.000000
0.544623 -0.276587 -0.024915 0.000000
0.666230 0.366059 -0.132096 3.000000
-0.527544 0.126902 0.115883 2.000000
0.473626 0.460908 -0.236597 3.000000
-0.106118 -0.362481 -0.103395 0.000000
0.653827 0.292291 -0.053180 3.000000
0.593927 -0.072922 0.151123 1.000000
0.052745 0.349422 -0.134089 3.000000
-0.335434 -0.071345 0.136779 1.000000
0.789606 -0.152321 0.109365 1.000000
-0.414027 0.322168 -0.113758 3.000000
-0.535235 0.120187 0.122381 2.000000
0.223206 0.244209 0.003204 3.000000
0.519252 -0.083088 0.136271 1.000000
0.727475 0.191241 0.061583 3.000000
-0.849980 -0.175522 0.114041 1.000000
0.339541 0.224074 0.041533 3.000000
-0.208920 0.202320 0.066333 3.000000
-0.707982 -0.197655 0.065094 0.000000
-0.468827 0.113418 0.127071 2.000000
0.641291 0.227646 -0.001537 3.000000
-0.409852 0.267301 -0.045288 3.000000
-0.157452 0.016064 0.174702 2.000000
-0.650875 0.143012 0.120825 2.000000
0.080836 -0.419366 -0.194392 0.000000
0.467433 0.464364 -0.252578 3.000000
-0.469447 -0.368253 -0.129578 0.000000
-0.658668 -0.421352 -0.233975 0.000000
0.320461 0.379632 -0.194279 3.000000
0.593256 0.218840 0.033800 3.000000
-0.523028 0.014529 0.191368 2.000000
-0.704755 0.365088 -0.155869 3.000000
-0.660328 -0.347482 -0.106261 0.000000
-0.642258 -0.021929 0.173485 1.000000
-0.701185 0.274360 -0.024568 3.000000
0.098190 -0.448707 -0.233507 0.000000
0.782844 0.252776 0.017311 3.000000
0.077991 0.065997 0.150785 2.000000
0.028180 -0.217467 0.079206 0.000000
0.154150 -0.121616 0.155258 1.000000
-0.078463 -0.233901 0.030641 0.000000
0.857083 0.385198 -0.195558 3.000000
0.149777 -0.286138 -0.005123 0.000000
