-0.188895 -0.029260 0.015902 0.000000
-0.497419 -0.138790 -0.032253 0.000000
-0.451199 -0.375920 -0.171828 0.000000
0.226766 -0.010466 0.022752 0.000000
-0.660851 0.061911 0.055122 0.000000
-0.291989 0.399856 0.129886 1.000000
0.342595 -0.527208 -0.252468 0.000000
-0.373283 -0.077876 -0.007483 0.000000
0.684101 -0.299737 -0.139697 0.000000
-0.503436 0.452213 0.066761 1.000000
-0.802068 0.466776 0.096556 1.000000
-0.301206 -0.139019 -0.041996 0.000000
-0.186143 0.275814 0.190553 1.000000
-0.019791 0.130269 0.121005 0.000000
-0.069576 0.262411 0.190138 0.000000
-0.479467 -0.028471 0.008209 0.000000
0.207654 0.362628 0.129464 1.000000
-0.552644 0.166844 0.125662 0.000000
-0.781091 0.115647 0.084505 0.000000
0.100564 -0.528095 -0.262109 0.000000
-0.173471 0.016602 0.039130 0.000000
0.523024 0.268717 0.189774 0.000000
-0.207278 0.355463 0.182817 1.000000
-0.248699 0.524970 0.063620 1.000000
-0.246664 -0.335988 -0.133114 0.000000
0.388214 -0.417671 -0.180888 0.000000
-0.434212 0.057378 0.070220 0.000000
0.635796 -0.029983 0.004009 0.000000
0.393954 0.028694 0.043362 0.000000
-0.000051 0.203277 0.162962 0.000000
-0.497917 -0.010216 0.028073 0.000000
-0.558059 -0.435346 -0.198562 0.000000
-0.381131 0.325291 0.152237 1.000000
0.056859 0.114678 0.104810 0.000000
0.591610 0.443143 0.121913 1.000000
-0.531991 -0.508459 -0.232080 0.000000
-0.797561 -0.218394 -0.089583 0.000000
-0.431371 0.027845 0.050640 0.000000
-0.001553 -0.171601 -0.059651 0.000000
-0.488302 0.092789 0.082602 0.000000
0.039226 0.165776 0.127364 0.000000
0.291005 0.143008 0.118589 0.000000
0.210667 -0.398193 -0.190332 0.000000
0.335572 0.134119 0.131041 0.000000
-0.516093 0.389614 0.117048 1.000000
-0.319963 -0.238802 -0.080641 0.000000
0.201646 0.033178 0.071307 0.000000
0.404729 0.001216 0.049060 0.000000
-0.007189 0.435106 0.105493 1.000000
-0.121704 -0.434473 -0.174257 0.000000
0.293097 -0.055707 0.018068 0.000000
0.483191 -0.029071 0.025004 0.000000
0.083150 -0.371079 -0.166088 0.000000
-0.661949 -0.167388 -0.050060 0.000000
-0.191740 0.030047 0.068646 0.000000
-0.612890 0.120381 0.103427 0.000000
0.093862 0.302636 0.194975 1.000000
0.519562 -0.468572 -0.228465 0.000000
-0.366670 -0.344649 -0.118775 0.000000
0.459938 -0.298143 -0.116659 0.000000
0.281990 -0.299824 -0.159248 0.000000
0.742087 -0.424442 -0.199537 0.000000
-0.553144 0.495021 0.083368 1.000000
-0.675876 -0.039589 0.018809 0.000000
0.041001 -0.372088 -0.170406 0.000000
0.761144 -0.278309 -0.118199 0.000000
0.298175 -0.087715 -0.004810 0.000000
0.345320 -0.467423 -0.220224 0.000000
-0.545061 0.387141 0.115878 1.000000
0.627235 -0.304002 -0.119808 0.000000
0.681298 -0.308279 -0.121645 0.000000
-0.727753 -0.214837 -0.068047 0.000000
0.144822 -0.518041 -0.245747 0.000000
0.528518 0.394905 0.117823 1.000000
0.144410 0.100026 0.076460 0.000000
0.264545 -0.130727 -0.048315 0.000000
0.685076 0.215256 0.145447 0.000000
-0.652974 -0.460387 -0.202300 0.000000
0.212754 -0.526583 -0.243782 0.000000
-0.650623 0.079084 0.069947 0.000000
-0.005920 0.029054 0.064482 0.000000
-0.012131 -0.067908 0.005071 0.000000
-0.252739 0.439010 0.098431 1.000000
0.638165 -0.531875 -0.234917 0.000000
0.659289 -0.527487 -0.264724 0.000000
0.283177 -0.526205 -0.252678 0.000000
0.519615 -0.028648 0.032717 0.000000
-0.365814 -0.513062 -0.287975 0.000000
0.280681 0.377206 0.138258 1.000000
-0.791358 0.078187 0.078588 0.000000
0.760587 0.252811 0.192292 0.000000
0.338197 0.533543 0.048168 1.000000
-0.717412 -0.532406 -0.246979 0.000000
0.173949 -0.023453 0.043805 0.000000
-0.718451 -0.349051 -0.161079 0.000000
-0.599839 0.434864 0.113097 1.000000
0.084130 -0.464328 -0.208701 0.000000
0.555755 0.234840 0.199050 0.000000
-0.496942 0.277544 0.162255 0.000000
-0.124395 -0.286515 -0.134075 0.000000
0.154426 0.057697 0.074613 0.000000
0.469654 -0.265986 -0.104703 0.000000
-0.189697 -0.479619 -0.236799 0.000000
0.228527 -0.388581 -0.154350 0.000000
-0.674752 -0.310097 -0.129703 0.000000
0.330315 -0.524387 -0.238068 0.000000
-0.539406 0.364976 0.140460 1.000000
0.568965 0.326229 0.168976 1.000000
0.099048 -0.257271 -0.099503 0.000000
-0.128659 0.399515 0.125846 1.000000
0.772215 -0.315817 -0.144658 0.000000
0.385606 0.295188 0.170665 1.000000
0.690409 -0.283056 -0.104252 0.000000
-0.017212 0.146400 0.118700 0.000000
-0.443957 0.013789 0.041132 0.000000
0.293097 -0.055707 0.018068 0.000000
0.035073 0.260652 0.157206 0.000000
0.765042 0.522454 0.033807 1.000000
0.098942 0.371240 0.151693 1.000000
0.570472 0.102202 0.097656 0.000000
0.515147 -0.070457 0.006167 0.000000
0.326050 0.006461 0.044022 0.000000
0.522791 -0.137465 -0.013067 0.000000
0.506615 -0.180624 -0.058381 0.000000
-0.376070 -0.515599 -0.229234 0.000000
-0.430302 0.025319 0.046880 0.000000
0.273959 0.485874 0.059885 1.000000
0.052771 0.119655 0.100818 0.000000
0.639287 -0.447834 -0.224639 0.000000
-0.628275 -0.447007 -0.182971 0.000000
-0.666045 -0.037236 0.016884 0.000000
0.141901 0.448870 0.096366 1.000000
-0.617374 -0.463636 -0.203863 0.000000
-0.388905 0.528039 0.042943 1.000000
-0.787971 0.148838 0.122235 0.000000
-0.591985 -0.464494 -0.231129 0.000000
-0.612096 0.552718 0.059031 1.000000
0.708218 0.428643 0.122618 1.000000
-0.530898 0.076310 0.076583 0.000000
0.573495 -0.525643 -0.244955 0.000000
0.280917 -0.388664 -0.166388 0.000000
0.482320 -0.015086 0.039377 0.000000
-0.247727 -0.245400 -0.091077 0.000000
0.656829 0.338836 0.165918 1.000000
0.035574 -0.348622 -0.166950 0.000000
-0.448821 0.007627 0.033933 0.000000
0.520328 0.440870 0.085881 1.000000
-0.611162 -0.045458 -0.021873 0.000000
-0.685019 0.224837 0.171994 0.000000
-0.374317 0.379443 0.113328 1.000000
0.096915 -0.230083 -0.057326 0.000000
-0.583214 -0.155401 -0.045694 0.000000
-0.552912 -0.384463 -0.179579 0.000000
0.454969 0.509653 0.063433 1.000000
0.739921 0.318100 0.188571 1.000000
-0.602981 0.035723 0.077070 0.000000
-0.367765 0.531728 0.025829 1.000000
-0.562070 -0.026327 0.028793 0.000000
0.217244 0.173380 0.117870 0.000000
-0.611788 0.172440 0.143721 0.000000
-0.662995 0.257980 0.196932 0.000000
-0.492976 0.164367 0.125220 0.000000
0.229756 -0.322676 -0.112375 0.000000
0.519209 -0.230372 -0.057520 0.000000
-0.666235 0.540218 0.032474 1.000000
0.443571 -0.293227 -0.123406 0.000000
-0.227907 0.304997 0.195375 1.000000
-0.486985 0.026018 0.049593 0.000000
-0.093996 0.479787 0.091670 1.000000
0.746987 0.308874 0.146440 1.000000
-0.775908 -0.099977 -0.012778 0.000000
-0.553932 -0.559637 -0.220068 0.000000
-0.179013 -0.501709 -0.239595 0.000000
0.772215 -0.315817 -0.144658 0.000000
-0.003933 -0.099276 -0.024259 0.000000
0.501768 -0.460497 -0.203437 0.000000
-0.376574 0.291445 0.188676 1.000000
0.525979 0.139905 0.118917 0.000000
-0.254387 0.502819 0.051339 1.000000
-0.506998 -0.027193 0.031366 0.000000
-0.566178 0.520923 0.046752 1.000000
0.335332 0.247132 0.161856 0.000000
0.493472 -0.539549 -0.249284 0.000000
-0.017414 0.465485 0.068792 1.000000
0.103744 0.409296 0.099190 1.000000
-0.110299 -0.100754 -0.014294 0.000000
0.448604 0.443266 0.083944 1.000000
-0.210078 -0.163523 -0.063934 0.000000
0.185663 0.206705 0.152590 0.000000
0.212081 -0.459793 -0.235501 0.000000
-0.614514 0.019987 0.051883 0.000000
0.287803 0.055054 0.066637 0.000000
-0.720740 -0.388367 -0.174552 0.000000
0.224883 -0.539733 -0.260191 0.000000
-0.013732 -0.199419 -0.088256 0.000000
0.048666 0.104887 0.116664 0.000000
0.225825 0.543714 0.032341 1.000000
0.019612 -0.013783 0.039293 0.000000
0.187839 -0.541631 -0.242362 0.000000
0.349256 0.328039 0.168494 1.000000
0.676561 0.369447 0.115825 1.000000
-0.131299 -0.011478 0.023663 0.000000
0.224264 -0.201861 -0.069487 0.000000
-0.144239 -0.078301 -0.007198 0.000000
-0.251095 0.488237 0.056742 1.000000
0.420209 0.485918 0.054937 1.000000
0.221603 0.051957 0.073004 0.000000
0.302039 0.344702 0.146831 1.000000
-0.488636 -0.469408 -0.224642 0.000000
-0.664138 0.120606 0.095346 0.000000
0.697480 0.526354 0.025724 1.000000
0.228407 -0.257860 -0.117291 0.000000
0.091155 0.404203 0.122510 1.000000
0.159816 -0.029646 0.022412 0.000000
0.121527 0.231732 0.149900 0.000000
0.045474 -0.059439 0.008064 0.000000
-0.720323 -0.301651 -0.150755 0.000000
-0.084712 -0.343088 -0.134495 0.000000
-0.664324 0.107950 0.100813 0.000000
0.687384 -0.205084 -0.070687 0.000000
0.039170 -0.514856 -0.231282 0.000000
0.406615 0.268550 0.190146 0.000000
-0.137179 -0.185642 -0.090656 0.000000
0.642034 -0.262123 -0.114418 0.000000
-0.195092 -0.053177 0.022527 0.000000
-0.614836 0.322738 0.154772 1.000000
-0.614597 0.075862 0.090575 0.000000
-0.440391 0.339627 0.180009 1.000000
0.049095 0.107915 0.100318 0.000000
-0.737370 -0.245917 -0.118036 0.000000
0.050075 0.224867 0.166789 0.000000
-0.486213 0.060500 0.049087 0.000000
-0.149650 -0.318510 -0.151140 0.000000
-0.012155 0.296529 0.195297 1.000000
-0.016080 0.487866 0.050314 1.000000
-0.262787 0.364731 0.127287 1.000000
0.062034 0.530038 0.040333 1.000000
0.101854 -0.439397 -0.210859 0.000000
0.111118 -0.101975 -0.009281 0.000000
0.441889 0.019772 0.049492 0.000000
-0.073680 0.232321 0.152429 0.000000
-0.490756 0.274518 0.192469 0.000000
-0.423328 -0.482259 -0.241147 0.000000
0.218766 0.420551 0.121779 1.000000
0.517830 -0.454669 -0.208342 0.000000
0.469654 -0.265986 -0.104703 0.000000
-0.373222 -0.228177 -0.083715 0.000000
0.747454 -0.409127 -0.176345 0.000000
0.704045 0.381740 0.131174 1.000000
-0.016720 0.267839 0.170154 1.000000
0.334533 0.004056 0.022736 0.000000
0.401355 -0.454281 -0.205541 0.000000
-0.067469 -0.334612 -0.155971 0.000000
-0.748204 0.457327 0.063003 1.000000
-0.781393 0.514606 0.058983 1.000000
-0.186225 -0.517069 -0.260417 0.000000
0.224058 0.489316 0.050249 1.000000
-0.423328 -0.482259 -0.241147 0.000000
0.330084 -0.206876 -0.076866 0.000000
-0.369530 -0.296851 -0.135151 0.000000
-0.345437 0.486195 0.069137 1.000000
0.465681 -0.258888 -0.103226 0.000000
0.220974 -0.107514 -0.007793 0.000000
0.301520 0.159433 0.122028 0.000000
0.463646 -0.250494 -0.099928 0.000000
0.335572 0.134119 0.131041 0.000000
0.389893 -0.108505 -0.009843 0.000000
-0.566681 -0.143133 -0.017760 0.000000
0.741797 0.239167 0.167022 0.000000
0.694101 -0.381995 -0.188703 0.000000
-0.078240 -0.097466 -0.028762 0.000000
0.629727 -0.242995 -0.091588 0.000000
0.444102 0.252343 0.180327 0.000000
-0.545211 0.147441 0.099255 0.000000
0.102770 0.026548 0.044634 0.000000
-0.545602 -0.163629 -0.033472 0.000000
-0.078787 -0.193342 -0.064611 0.000000
0.050530 -0.308711 -0.123090 0.000000
0.340825 0.176742 0.115576 0.000000
-0.140103 -0.485469 -0.221134 0.000000
-0.487304 0.362916 0.141134 1.000000
0.690934 0.214149 0.149067 0.000000
-0.301673 0.133720 0.130663 0.000000
-0.630967 0.182528 0.121948 0.000000
0.273268 -0.051324 0.004681 0.000000
0.142868 -0.018043 0.020817 0.000000
0.222137 -0.305391 -0.138017 0.000000
-0.794697 0.143886 0.096941 0.000000
-0.603815 -0.115006 -0.011092 0.000000
0.700342 0.263688 0.189195 0.000000
0.066002 0.522863 0.036788 1.000000
-0.550070 0.315118 0.157514 1.000000
-0.194525 -0.276783 -0.106775 0.000000
-0.260537 0.053870 0.053618 0.000000
0.443954 0.417216 0.116395 1.000000
0.109339 -0.057528 -0.015534 0.000000
0.694080 -0.131750 -0.024389 0.000000
-0.246288 0.000495 0.041454 0.000000
0.338186 -0.195221 -0.063653 0.000000
0.765272 0.411885 0.107763 1.000000
-0.790509 0.307696 0.169469 1.000000
0.626704 -0.331487 -0.133954 0.000000
-0.191189 -0.527530 -0.260922 0.000000
0.039723 -0.180868 -0.049752 0.000000
-0.030998 -0.335241 -0.136132 0.000000
-0.384487 0.165023 0.129949 0.000000
-0.443599 -0.065292 0.000054 0.000000
-0.258728 -0.065332 0.011103 0.000000
0.273766 -0.451715 -0.205534 0.000000
0.119573 -0.337640 -0.142032 0.000000
-0.320534 -0.543956 -0.263134 0.000000
-0.354711 -0.288036 -0.119612 0.000000
0.322414 0.270505 0.190116 1.000000
-0.613880 0.254513 0.155710 0.000000
0.416047 -0.352684 -0.148552 0.000000
-0.734208 0.279191 0.180039 1.000000
-0.134180 0.362771 0.108553 1.000000
-0.196453 -0.395143 -0.166275 0.000000
-0.194474 0.291378 0.178999 1.000000
-0.015698 0.318180 0.174689 1.000000
0.393476 -0.276411 -0.122234 0.000000
-0.551886 -0.490740 -0.234661 0.000000
-0.537166 -0.180028 -0.067370 0.000000
-0.619869 -0.397082 -0.179197 0.000000
-0.017414 0.465485 0.068792 1.000000
-0.595316 0.252147 0.185805 0.000000
-0.781163 0.374897 0.150379 1.000000
0.083527 0.367241 0.140602 1.000000
0.270583 -0.229810 -0.106858 0.000000
0.525616 0.453488 0.117131 1.000000
0.569773 -0.539819 -0.265678 0.000000
-0.573609 -0.130311 -0.023595 0.000000
0.232754 -0.279581 -0.131157 0.000000
0.154426 0.057697 0.074613 0.000000
-0.254656 0.293605 0.176028 1.000000
0.627074 -0.478502 -0.214569 0.000000
-0.253437 -0.039708 0.018670 0.000000
-0.532724 -0.130284 -0.044727 0.000000
0.486681 0.535302 0.038329 1.000000
0.164078 -0.236608 -0.091334 0.000000
-0.375082 -0.355829 -0.165090 0.000000
-0.123543 0.319600 0.141790 1.000000
0.693439 -0.102105 -0.005255 0.000000
0.152702 -0.500334 -0.223121 0.000000
-0.543553 0.146700 0.108074 0.000000
0.308172 -0.044470 0.001186 0.000000
-0.086427 -0.392801 -0.164029 0.000000
0.099217 0.033044 0.062530 0.000000
0.390049 0.526891 0.038685 1.000000
0.511619 0.172549 0.126227 0.000000
0.083817 -0.027563 0.025353 0.000000
-0.362067 -0.152145 -0.033851 0.000000
-0.430268 0.134534 0.108693 0.000000
-0.777703 0.406780 0.125667 1.000000
0.283431 -0.436671 -0.198093 0.000000
-0.800728 0.175775 0.139619 0.000000
0.444091 0.532269 0.059402 1.000000
-0.739548 -0.254862 -0.076927 0.000000
0.231399 -0.154439 -0.053264 0.000000
0.644725 -0.242372 -0.095537 0.000000
0.221054 0.198886 0.144504 0.000000
-0.009446 -0.399759 -0.184509 0.000000
-0.121704 -0.434473 -0.174257 0.000000
-0.375125 0.357867 0.151335 1.000000
0.709214 0.445960 0.086663 1.000000
-0.605017 0.157652 0.119156 0.000000
0.524826 0.454229 0.088715 1.000000
0.609834 -0.038569 0.023780 0.000000
0.232867 0.312649 0.172925 1.000000
-0.170946 0.275970 0.173848 1.000000
0.416109 -0.424902 -0.180562 0.000000
0.032059 0.397318 0.121870 1.000000
-0.788734 0.161557 0.124186 0.000000
-0.482819 -0.499903 -0.246941 0.000000
-0.024785 -0.532170 -0.236622 0.000000
-0.344464 -0.458186 -0.215699 0.000000
0.756641 0.438979 0.079135 1.000000
0.666559 -0.534023 -0.240907 0.000000
0.683191 0.066770 0.059563 0.000000
0.165689 0.340568 0.159441 1.000000
0.409317 -0.449233 -0.210972 0.000000
-0.091573 -0.196621 -0.075864 0.000000
0.642040 -0.427347 -0.209194 0.000000
0.498363 0.213952 0.156496 0.000000
0.343178 0.064406 0.093885 0.000000
-0.728424 0.479139 0.101074 1.000000
-0.063657 -0.090535 0.011155 0.000000
0.578964 -0.141522 -0.056491 0.000000
-0.546193 0.244369 0.158215 0.000000
0.161939 0.243938 0.151584 0.000000
-0.267194 0.243718 0.152532 0.000000
-0.386292 0.131548 0.119836 0.000000
-0.748204 0.457327 0.063003 1.000000
-0.066476 0.246942 0.171236 0.000000
-0.015698 0.318180 0.174689 1.000000
-0.439924 0.386910 0.128989 1.000000
0.676561 0.369447 0.115825 1.000000
-0.658813 0.533674 0.051314 1.000000
0.675514 -0.034106 0.021226 0.000000
-0.309317 0.479547 0.099672 1.000000
-0.029901 0.121750 0.095006 0.000000
-0.737857 -0.370571 -0.176813 0.000000
0.387914 0.187689 0.132280 0.000000
-0.789146 -0.493855 -0.247378 0.000000
-0.546893 -0.184415 -0.050235 0.000000
0.035059 -0.275254 -0.108846 0.000000
0.275437 -0.179657 -0.040753 0.000000
-0.548794 -0.430473 -0.189175 0.000000
-0.676759 0.063180 0.064105 0.000000
-0.322317 0.247164 0.167935 0.000000
-0.502590 0.378777 0.124120 1.000000
-0.741303 0.472160 0.102859 1.000000
0.053238 -0.393859 -0.178441 0.000000
-0.038961 -0.154172 -0.054079 0.000000
0.589256 0.542336 0.057713 1.000000
0.248567 0.380734 0.116200 1.000000
0.700403 -0.243239 -0.094451 0.000000
0.697208 0.427683 0.094433 1.000000
-0.478601 -0.180894 -0.058939 0.000000
-0.603294 -0.157821 -0.055228 0.000000
-0.078872 0.429904 0.120990 1.000000
-0.809674 -0.009106 0.033207 0.000000
0.217920 -0.353559 -0.140967 0.000000
0.410453 -0.403369 -0.183293 0.000000
-0.486602 -0.347476 -0.148246 0.000000
0.328324 0.181205 0.120577 0.000000
0.175039 0.237502 0.179666 0.000000
-0.657781 -0.070719 -0.000778 0.000000
0.345149 0.510982 0.049836 1.000000
0.697408 0.415711 0.123685 1.000000
-0.339307 -0.220596 -0.079174 0.000000
0.275343 -0.200730 -0.058239 0.000000
-0.564384 0.203851 0.123021 0.000000
0.503814 -0.450917 -0.203935 0.000000
0.454177 -0.042822 0.005949 0.000000
-0.581300 0.059384 0.072605 0.000000
-0.789146 -0.493855 -0.247378 0.000000
-0.487392 0.118215 0.108458 0.000000
-0.474653 0.285613 0.183717 0.000000
0.060331 0.298569 0.193056 1.000000
0.295389 0.478880 0.073999 1.000000
-0.722899 -0.355841 -0.150257 0.000000
0.685380 0.471174 0.066805 1.000000
-0.299637 -0.494189 -0.243835 0.000000
-0.541591 0.515897 0.054321 1.000000
0.749101 -0.224677 -0.111593 0.000000
0.103265 0.399280 0.114184 1.000000
0.066923 0.182756 0.138633 0.000000
0.407577 -0.305268 -0.134538 0.000000
0.503907 0.355404 0.135771 1.000000
-0.715244 -0.228865 -0.086790 0.000000
-0.296278 -0.020506 -0.000786 0.000000
-0.619812 -0.143328 -0.030465 0.000000
0.725383 -0.398713 -0.173758 0.000000
0.330422 -0.544042 -0.236280 0.000000
-0.788515 -0.085217 -0.022596 0.000000
-0.660102 -0.220406 -0.075752 0.000000
0.402289 0.453711 0.091346 1.000000
0.049095 0.107915 0.100318 0.000000
0.643228 0.061898 0.066747 0.000000
0.093377 -0.415974 -0.174251 0.000000
-0.674323 -0.206745 -0.072828 0.000000
-0.114817 -0.405861 -0.144905 0.000000
0.390729 0.163854 0.162386 0.000000
-0.254575 -0.086633 0.003712 0.000000
0.125339 0.213341 0.155930 0.000000
-0.548529 0.293150 0.165699 1.000000
0.655169 -0.219877 -0.085063 0.000000
0.473788 0.362300 0.130299 1.000000
-0.620391 -0.323967 -0.137001 0.000000
-0.129679 0.190948 0.150473 0.000000
-0.523099 -0.407523 -0.166725 0.000000
-0.249756 -0.516092 -0.237731 0.000000
0.655462 0.120702 0.084560 0.000000
0.222482 -0.229743 -0.079417 0.000000
0.234845 0.144775 0.112856 0.000000
-0.293815 0.101567 0.085185 0.000000
-0.082471 -0.228918 -0.074266 0.000000
-0.548584 -0.215906 -0.077268 0.000000
-0.142762 -0.341248 -0.163539 0.000000
0.100564 -0.528095 -0.262109 0.000000
0.248567 0.380734 0.116200 1.000000
0.562517 0.394793 0.113328 1.000000
0.673148 -0.053477 0.013591 0.000000
-0.320668 0.175973 0.143726 0.000000
-0.312861 -0.418777 -0.190098 0.000000
-0.802333 0.279966 0.208812 1.000000
-0.252691 0.450722 0.079153 1.000000
0.051341 -0.097720 -0.006703 0.000000
-0.184083 0.308698 0.172357 1.000000
-0.010492 0.275295 0.192017 1.000000
-0.803746 -0.080235 -0.013185 0.000000
0.223976 -0.138180 -0.062014 0.000000
0.052430 -0.534054 -0.232693 0.000000
-0.183779 0.356651 0.143737 1.000000
0.777700 0.098989 0.092251 0.000000
-0.565908 -0.029191 0.024926 0.000000
-0.084712 -0.343088 -0.134495 0.000000
-0.660102 -0.220406 -0.075752 0.000000
0.683608 -0.072708 -0.004273 0.000000
0.396587 0.520283 0.067400 1.000000
0.344566 0.113934 0.086527 0.000000
-0.543351 0.258893 0.179305 0.000000
-0.170084 -0.100700 -0.002644 0.000000
0.144456 -0.446503 -0.212647 0.000000
0.633193 0.059796 0.053786 0.000000
-0.320844 0.555538 0.048212 1.000000
-0.200394 -0.004497 0.036215 0.000000
0.694125 0.399291 0.101860 1.000000
-0.789216 0.184467 0.123488 0.000000
0.397721 -0.513977 -0.247396 0.000000
0.524287 0.054664 0.060950 0.000000
-0.206211 -0.305239 -0.127122 0.000000
-0.376169 -0.030886 0.017264 0.000000
-0.500617 0.115789 0.103986 0.000000
0.002460 -0.447804 -0.199758 0.000000
-0.148909 0.508460 0.049046 1.000000
0.224704 0.018541 0.053149 0.000000
0.697410 -0.188764 -0.045582 0.000000
-0.412685 -0.448972 -0.213587 0.000000
-0.784807 -0.203274 -0.071176 0.000000
0.051993 0.531792 0.053895 1.000000
-0.058738 0.052077 0.067019 0.000000
0.748716 -0.417923 -0.189051 0.000000
-0.091878 -0.318958 -0.136134 0.000000
-0.356606 0.175928 0.125201 0.000000
0.567545 -0.276891 -0.105433 0.000000
0.634816 -0.290599 -0.123714 0.000000
0.044285 -0.174073 -0.050646 0.000000
0.681967 0.333643 0.160459 1.000000
-0.599974 0.104558 0.086725 0.000000
0.104727 0.294487 0.219050 1.000000
-0.602542 -0.417630 -0.200779 0.000000
-0.034313 0.120548 0.115930 0.000000
-0.605778 0.050947 0.074267 0.000000
0.024361 0.305520 0.182426 1.000000
-0.427425 0.178188 0.126440 0.000000
0.571548 -0.381596 -0.155497 0.000000
-0.008501 0.034155 0.057275 0.000000
-0.447119 0.545699 0.039076 1.000000
0.226940 -0.150478 -0.048358 0.000000
0.096695 0.252361 0.157698 0.000000
-0.250549 -0.524732 -0.265030 0.000000
-0.258200 -0.538501 -0.250828 0.000000
0.210646 0.182491 0.121155 0.000000
0.041702 0.305206 0.134737 1.000000
0.633336 0.365205 0.149373 1.000000
0.293710 -0.252720 -0.105760 0.000000
-0.229631 0.238521 0.171225 0.000000
-0.709525 0.087043 0.086941 0.000000
0.165650 -0.263485 -0.115462 0.000000
0.063946 0.357593 0.160518 1.000000
-0.183848 0.534636 0.037413 1.000000
0.031049 0.165926 0.121135 0.000000
-0.466645 0.199290 0.153053 0.000000
0.242527 -0.083346 -0.010261 0.000000
0.227293 -0.456213 -0.200530 0.000000
-0.142373 0.331348 0.174644 1.000000
-0.382667 -0.542560 -0.247535 0.000000
0.218943 0.399355 0.137584 1.000000
0.625633 -0.440813 -0.188254 0.000000
-0.033334 -0.453644 -0.219226 0.000000
0.209587 0.125021 0.101919 0.000000
-0.665256 -0.472960 -0.246246 0.000000
-0.143798 0.126207 0.105245 0.000000
0.402134 -0.008053 0.043183 0.000000
0.121527 0.231732 0.149900 0.000000
0.170776 0.200887 0.130615 0.000000
-0.382667 -0.542560 -0.247535 0.000000
-0.307333 -0.222398 -0.096293 0.000000
0.121664 0.343139 0.135220 1.000000
0.496424 0.097873 0.092406 0.000000
0.459924 0.194144 0.140955 0.000000
-0.075428 0.475177 0.073769 1.000000
0.343359 0.116525 0.085941 0.000000
-0.781786 -0.126175 -0.041450 0.000000
-0.553932 -0.559637 -0.220068 0.000000
-0.317911 0.259162 0.215218 0.000000
0.390266 -0.074626 0.000148 0.000000
0.575743 0.195827 0.131030 0.000000
-0.430669 0.340952 0.162804 1.000000
-0.381251 0.411464 0.099973 1.000000
-0.138732 0.483175 0.055923 1.000000
-0.491230 -0.090526 -0.002195 0.000000
-0.623058 0.471020 0.067826 1.000000
-0.070444 -0.075246 -0.010740 0.000000
0.655051 -0.230021 -0.077107 0.000000
-0.240612 0.414474 0.095716 1.000000
-0.665936 -0.223917 -0.082172 0.000000
-0.183848 0.534636 0.037413 1.000000
-0.436822 0.384327 0.151211 1.000000
-0.500617 0.115789 0.103986 0.000000
-0.328903 -0.315480 -0.130266 0.000000
0.394693 -0.282912 -0.132179 0.000000
0.523977 0.432557 0.105691 1.000000
0.058695 -0.327586 -0.148345 0.000000
-0.200134 0.200621 0.143116 0.000000
0.763551 -0.137806 -0.044159 0.000000
0.370576 0.465485 0.095325 1.000000
-0.195261 0.204417 0.150205 0.000000
0.477908 -0.340438 -0.136873 0.000000
-0.246498 0.490357 0.060342 1.000000
-0.314261 -0.207188 -0.082863 0.000000
-0.510278 0.020658 0.040713 0.000000
-0.131897 -0.083574 -0.014029 0.000000
0.280890 -0.098113 -0.033835 0.000000
0.613860 0.146103 0.123396 0.000000
-0.218675 0.077332 0.087763 0.000000
-0.511362 -0.173163 -0.077267 0.000000
0.286679 0.187274 0.139967 0.000000
0.404752 -0.216262 -0.082408 0.000000
0.172645 -0.406736 -0.158758 0.000000
0.267783 -0.447346 -0.215351 0.000000
-0.312986 0.414283 0.108631 1.000000
0.513200 -0.220841 -0.084928 0.000000
-0.680533 -0.473322 -0.225448 0.000000
-0.781778 0.378301 0.113270 1.000000
-0.548994 -0.341551 -0.137106 0.000000
-0.562151 -0.290660 -0.128317 0.000000
-0.435686 -0.425018 -0.186778 0.000000
0.121527 0.231732 0.149900 0.000000
0.349451 0.378764 0.154068 1.000000
0.690205 0.117069 0.100963 0.000000
-0.012640 -0.298963 -0.114372 0.000000
0.043261 0.359302 0.165723 1.000000
0.448604 0.443266 0.083944 1.000000
-0.440600 -0.309160 -0.106020 0.000000
-0.378745 -0.100848 -0.013187 0.000000
-0.574477 0.545176 0.039451 1.000000
0.513200 -0.220841 -0.084928 0.000000
-0.365371 -0.045439 0.021637 0.000000
0.043726 0.027698 0.071126 0.000000
0.006085 -0.117350 -0.041375 0.000000
0.083527 0.367241 0.140602 1.000000
0.094017 0.065878 0.084899 0.000000
-0.677892 0.337337 0.139902 1.000000
0.395993 0.403417 0.094261 1.000000
-0.304089 -0.117367 -0.024262 0.000000
0.465681 -0.258888 -0.103226 0.000000
-0.373482 0.005789 0.019993 0.000000
0.155830 -0.083278 -0.026184 0.000000
-0.240706 -0.512542 -0.223322 0.000000
0.449130 0.532352 0.019202 1.000000
-0.745361 -0.105345 -0.027415 0.000000
0.292899 -0.476321 -0.220103 0.000000
0.160814 0.529674 0.064434 1.000000
-0.515455 0.260731 0.188389 0.000000
0.326794 0.325731 0.146756 1.000000
0.035175 -0.188314 -0.054911 0.000000
0.524287 0.054664 0.060950 0.000000
0.349717 -0.290684 -0.116246 0.000000
-0.080625 0.084952 0.078142 0.000000
-0.252956 -0.273728 -0.121591 0.000000
0.209587 0.125021 0.101919 0.000000
0.643228 0.061898 0.066747 0.000000
-0.012640 -0.298963 -0.114372 0.000000
-0.611708 0.374748 0.159211 1.000000
-0.311227 -0.123763 -0.021538 0.000000
-0.187689 -0.462334 -0.217434 0.000000
-0.084575 0.474069 0.067054 1.000000
-0.570032 -0.103755 -0.000032 0.000000
0.046221 -0.196892 -0.081331 0.000000
-0.608139 -0.378003 -0.190396 0.000000
0.142333 -0.314812 -0.140527 0.000000
0.743722 0.123883 0.113151 0.000000
-0.305527 0.024527 0.061103 0.000000
-0.137203 -0.502532 -0.222471 0.000000
-0.788734 0.161557 0.124186 0.000000
0.625633 -0.440813 -0.188254 0.000000
0.561155 0.288637 0.182858 1.000000
-0.071131 0.103843 0.085103 0.000000
0.591282 -0.415352 -0.180165 0.000000
-0.330106 -0.508695 -0.230800 0.000000
-0.422105 -0.283191 -0.146701 0.000000
-0.717242 -0.049608 0.005483 0.000000
-0.367765 0.531728 0.025829 1.000000
-0.083364 -0.308997 -0.128700 0.000000
-0.079169 0.412522 0.088465 1.000000
0.109053 -0.515171 -0.230756 0.000000
-0.245992 -0.149680 -0.019359 0.000000
-0.664479 0.294403 0.184481 1.000000
0.108314 -0.476950 -0.209030 0.000000
0.589256 0.542336 0.057713 1.000000
-0.081704 0.318666 0.156703 1.000000
0.290285 0.304671 0.192295 1.000000
-0.261228 0.064384 0.046500 0.000000
-0.435745 0.133259 0.103873 0.000000
0.090101 -0.207078 -0.067878 0.000000
0.258136 0.287432 0.182210 1.000000
-0.370744 -0.519615 -0.234504 0.000000
0.704258 -0.429132 -0.201652 0.000000
0.642034 -0.262123 -0.114418 0.000000
-0.202630 -0.408436 -0.200355 0.000000
0.638648 0.203968 0.157254 0.000000
0.677178 0.293792 0.198284 0.000000
-0.324555 -0.359280 -0.160738 0.000000
-0.263539 0.184616 0.121724 0.000000
0.039272 0.032489 0.072827 0.000000
-0.039506 0.352576 0.136853 1.000000
-0.422082 -0.441708 -0.212045 0.000000
-0.018062 0.461751 0.049684 1.000000
0.339193 -0.197218 -0.068539 0.000000
-0.117080 0.108855 0.088993 0.000000
-0.734762 -0.372640 -0.191804 0.000000
0.041702 0.305206 0.134737 1.000000
-0.200635 -0.269949 -0.097166 0.000000
0.632380 0.462313 0.082096 1.000000
0.462987 -0.038364 -0.001269 0.000000
0.757731 0.014845 0.062046 0.000000
0.524564 -0.060090 0.002617 0.000000
-0.010507 -0.039920 0.008681 0.000000
-0.492645 -0.453483 -0.202690 0.000000
0.164720 -0.071835 0.001979 0.000000
0.619400 0.372035 0.126323 1.000000
0.224264 -0.201861 -0.069487 0.000000
-0.017212 0.146400 0.118700 0.000000
-0.135588 -0.285461 -0.103731 0.000000
0.210441 -0.048439 0.012150 0.000000
-0.254575 -0.086633 0.003712 0.000000
0.103653 0.398881 0.122250 1.000000
0.224918 -0.059905 0.005775 0.000000
0.214243 -0.509397 -0.216602 0.000000
0.519683 -0.007737 0.024070 0.000000
0.742191 -0.072942 0.018290 0.000000
0.223954 -0.175128 -0.075500 0.000000
0.052947 -0.383751 -0.177288 0.000000
-0.539010 0.343718 0.138986 1.000000
-0.310392 -0.544397 -0.263738 0.000000
-0.482420 -0.130847 -0.030818 0.000000
0.454891 -0.168672 -0.063166 0.000000
0.755869 -0.053454 0.009360 0.000000
0.529891 0.522939 0.086939 1.000000
-0.007087 0.066243 0.095558 0.000000
-0.494031 -0.141631 -0.017662 0.000000
-0.198247 -0.493622 -0.232630 0.000000
-0.740968 -0.250858 -0.090154 0.000000
0.747509 0.098382 0.108513 0.000000
0.576742 -0.031743 0.024776 0.000000
-0.016955 -0.010953 0.031390 0.000000
0.700259 -0.487865 -0.239562 0.000000
-0.071014 0.044818 0.071574 0.000000
0.655462 0.120702 0.084560 0.000000
-0.087483 0.425323 0.107750 1.000000
-0.130566 0.263106 0.185107 0.000000
-0.388905 0.528039 0.042943 1.000000
-0.802011 0.138625 0.124676 0.000000
-0.545061 0.387141 0.115878 1.000000
0.744584 0.130818 0.136154 0.000000
-0.400642 0.244533 0.186963 0.000000
0.411788 -0.289847 -0.117604 0.000000
0.224026 -0.039584 0.006892 0.000000
0.226849 0.232688 0.135806 0.000000
0.035909 0.320599 0.163429 1.000000
-0.358743 0.413604 0.114907 1.000000
0.043036 -0.074665 -0.000013 0.000000
-0.024144 0.499965 0.074803 1.000000
0.528006 0.451330 0.105884 1.000000
-0.503436 0.452213 0.066761 1.000000
0.151519 -0.512354 -0.254218 0.000000
-0.776833 0.480934 0.062016 1.000000
-0.179732 -0.332012 -0.134393 0.000000
-0.736566 -0.050672 0.044819 0.000000
0.696588 0.255033 0.175956 0.000000
0.224058 0.489316 0.050249 1.000000
-0.395558 -0.525961 -0.245195 0.000000
0.281993 -0.019697 0.028131 0.000000
-0.182792 -0.454312 -0.213640 0.000000
0.709970 0.357645 0.134974 1.000000
0.630356 -0.283167 -0.100593 0.000000
0.210980 0.097011 0.075293 0.000000
-0.675775 -0.498473 -0.242363 0.000000
0.565427 -0.059019 0.011226 0.000000
0.321128 -0.316684 -0.118669 0.000000
0.288901 -0.198359 -0.063581 0.000000
0.449130 0.532352 0.019202 1.000000
0.764581 -0.317653 -0.129304 0.000000
-0.490582 0.383500 0.124968 1.000000
0.049095 0.107915 0.100318 0.000000
-0.195230 0.089212 0.085071 0.000000
0.638634 0.332288 0.157260 1.000000
0.333018 -0.073139 -0.019605 0.000000
0.394150 0.404396 0.120154 1.000000
-0.696232 -0.016496 0.037971 0.000000
0.225520 0.288930 0.176922 1.000000
0.089790 0.510911 0.045553 1.000000
0.170509 0.531302 0.041451 1.000000
-0.131816 0.398755 0.135068 1.000000
0.220302 -0.242294 -0.083091 0.000000
-0.567819 0.344774 0.167899 1.000000
0.400482 0.180292 0.147086 0.000000
0.393476 -0.276411 -0.122234 0.000000
-0.493539 0.044913 0.044704 0.000000
-0.673975 -0.287078 -0.099594 0.000000
-0.259544 -0.207472 -0.063699 0.000000
-0.726336 -0.201007 -0.069953 0.000000
0.099230 0.388344 0.127346 1.000000
0.454969 0.509653 0.063433 1.000000
-0.670162 0.051609 0.076988 0.000000
-0.725367 0.128850 0.121852 0.000000
0.465681 -0.258888 -0.103226 0.000000
0.002195 0.059552 0.058292 0.000000
0.184311 0.375411 0.119748 1.000000
-0.008003 -0.474733 -0.207830 0.000000
-0.617374 -0.463636 -0.203863 0.000000
0.214669 0.174193 0.125949 0.000000
-0.543553 0.146700 0.108074 0.000000
0.258526 0.091878 0.066546 0.000000
-0.199017 0.318295 0.168946 1.000000
0.219127 -0.150991 -0.020968 0.000000
-0.002533 0.382089 0.147314 1.000000
-0.739943 0.505814 0.067659 1.000000
0.224158 -0.304491 -0.133775 0.000000
-0.211467 -0.131853 -0.023495 0.000000
-0.501501 -0.267495 -0.104978 0.000000
0.515120 -0.227165 -0.062379 0.000000
0.064361 -0.302804 -0.124064 0.000000
-0.557810 -0.146534 -0.059150 0.000000
0.107064 -0.479922 -0.221756 0.000000
0.634271 0.399031 0.149426 1.000000
0.458390 0.528287 0.044800 1.000000
0.041424 0.418150 0.097742 1.000000
0.472063 0.106818 0.093424 0.000000
0.219012 -0.514545 -0.261345 0.000000
0.210399 0.022066 0.044571 0.000000
-0.199950 0.526430 0.056474 1.000000
-0.549848 -0.234525 -0.073998 0.000000
-0.134315 0.541228 0.090407 1.000000
0.208619 -0.152723 -0.043795 0.000000
-0.065969 0.247688 0.168140 0.000000
0.749944 0.080617 0.069144 0.000000
-0.781393 0.514606 0.058983 1.000000
-0.081704 0.318666 0.156703 1.000000
0.353671 0.204166 0.132561 0.000000
-0.386464 -0.020227 0.027559 0.000000
-0.267924 -0.286526 -0.118573 0.000000
-0.355956 0.290845 0.201717 1.000000
0.106224 -0.419579 -0.177611 0.000000
0.392410 -0.207919 -0.073438 0.000000
-0.116060 0.374589 0.123057 1.000000
0.045732 -0.438937 -0.199156 0.000000
0.167912 0.532157 0.051960 1.000000
0.453301 0.459164 0.100107 1.000000
-0.193497 0.510379 0.061579 1.000000
0.435569 0.430848 0.087386 1.000000
0.157350 -0.546094 -0.224933 0.000000
0.345685 -0.329948 -0.132978 0.000000
-0.696232 -0.016496 0.037971 0.000000
-0.592012 -0.143173 -0.050272 0.000000
0.333018 -0.073139 -0.019605 0.000000
-0.066597 -0.142335 -0.031728 0.000000
-0.024785 -0.532170 -0.236622 0.000000
-0.130852 0.345019 0.157377 1.000000
-0.788515 -0.085217 -0.022596 0.000000
-0.193912 -0.224182 -0.086194 0.000000
-0.379466 -0.448350 -0.214243 0.000000
-0.557310 0.511686 0.051684 1.000000
0.631135 -0.193516 -0.064834 0.000000
0.707645 -0.463470 -0.224088 0.000000
0.209587 0.125021 0.101919 0.000000
0.211874 0.314164 0.202716 1.000000
-0.785051 0.225892 0.186493 0.000000
0.571257 -0.417818 -0.172391 0.000000
0.100564 -0.536239 -0.257184 0.000000
0.271067 -0.352766 -0.165995 0.000000
-0.128470 -0.046489 0.031189 0.000000
0.410522 0.109196 0.109480 0.000000
0.742697 -0.503477 -0.233721 0.000000
-0.085044 0.277158 0.185525 0.000000
-0.253505 0.447461 0.100439 1.000000
0.099808 -0.430987 -0.189608 0.000000
0.523894 -0.218915 -0.080609 0.000000
-0.135709 0.382292 0.129177 1.000000
0.340724 -0.058264 0.035642 0.000000
-0.550962 -0.316149 -0.113467 0.000000
0.098374 -0.174412 -0.079351 0.000000
0.763551 -0.137806 -0.044159 0.000000
-0.478856 0.279602 0.176571 1.000000
-0.562022 0.199911 0.134183 0.000000
-0.747856 0.361235 0.112727 1.000000
0.215979 -0.024505 0.042774 0.000000
0.133275 -0.053916 0.008673 0.000000
-0.130050 0.352403 0.162082 1.000000
-0.079855 0.008117 0.025195 0.000000
0.592393 0.029984 0.052849 0.000000
-0.488467 0.355039 0.137001 1.000000
0.653847 -0.479116 -0.208703 0.000000
-0.374531 -0.409360 -0.192337 0.000000
0.068740 0.293420 0.162919 1.000000
0.452731 0.343720 0.180087 1.000000
0.048235 0.001946 0.026782 0.000000
0.639004 0.414712 0.117727 1.000000
0.751299 -0.501675 -0.211140 0.000000
0.570919 -0.136647 -0.026192 0.000000
0.338098 -0.038846 0.032531 0.000000
0.410279 0.127663 0.130623 0.000000
-0.030168 -0.075448 -0.010272 0.000000
-0.363316 0.257838 0.179588 0.000000
0.505856 0.556799 0.075596 1.000000
-0.060968 0.339642 0.145988 1.000000
0.413368 -0.222584 -0.057484 0.000000
-0.032193 0.503452 0.084923 1.000000
0.690264 0.534922 0.034188 1.000000
-0.140181 0.079245 0.080374 0.000000
-0.501780 -0.263485 -0.123944 0.000000
0.029936 0.100556 0.099676 0.000000
-0.244155 0.295938 0.184062 1.000000
-0.676278 -0.235946 -0.088528 0.000000
-0.390579 -0.143677 -0.035910 0.000000
0.460827 0.422645 0.127820 1.000000
-0.249598 -0.474486 -0.189124 0.000000
0.218639 -0.157162 -0.057002 0.000000
0.048235 0.001946 0.026782 0.000000
0.344566 0.113934 0.086527 0.000000
0.746405 -0.248958 -0.118086 0.000000
-0.600514 0.466941 0.087038 1.000000
-0.095953 -0.472174 -0.217782 0.000000
-0.261338 0.498998 0.082339 1.000000
0.213049 0.071820 0.073817 0.000000
0.053619 -0.279282 -0.117524 0.000000
0.408594 0.319307 0.169516 1.000000
0.680877 -0.365676 -0.171234 0.000000
-0.360718 0.215708 0.165286 0.000000
-0.239925 -0.022436 0.026437 0.000000
-0.558373 -0.108577 -0.031487 0.000000
0.031081 -0.318202 -0.139512 0.000000
0.525447 -0.335083 -0.140737 0.000000
0.625797 0.009063 0.030372 0.000000
-0.684434 0.024525 0.051544 0.000000
-0.786704 0.439068 0.109102 1.000000
-0.781778 0.378301 0.113270 1.000000
0.350921 -0.240388 -0.097545 0.000000
0.353934 -0.038020 0.004573 0.000000
-0.070301 -0.384536 -0.169510 0.000000
0.413558 0.520783 0.055242 1.000000
0.400453 0.193645 0.148930 0.000000
-0.246891 -0.011191 0.022482 0.000000
-0.432995 0.469439 0.095715 1.000000
-0.011205 -0.286497 -0.135460 0.000000
-0.620670 0.344240 0.150433 1.000000
-0.733330 0.360534 0.157605 1.000000
-0.803147 0.544601 0.033018 1.000000
0.741759 0.504965 0.085940 1.000000
0.643976 -0.505108 -0.237029 0.000000
0.155254 -0.201801 -0.066975 0.000000
-0.603412 0.457030 0.099016 1.000000
0.632664 0.286730 0.169926 1.000000
-0.189636 0.498673 0.054717 1.000000
0.041097 0.354206 0.135461 1.000000
-0.532884 -0.451646 -0.212851 0.000000
0.203065 0.071351 0.077561 0.000000
0.583353 -0.090057 -0.002790 0.000000
0.038693 0.007368 0.055772 0.000000
-0.172319 -0.012912 0.039403 0.000000
0.180041 -0.233017 -0.076359 0.000000
0.050882 -0.014674 0.018911 0.000000
-0.682101 0.315512 0.152639 1.000000
-0.191259 -0.189259 -0.055870 0.000000
0.270299 0.170609 0.126933 0.000000
-0.614233 -0.385304 -0.163133 0.000000
-0.015387 -0.075289 0.005987 0.000000
0.340198 -0.522532 -0.236911 0.000000
-0.308317 0.512205 0.055802 1.000000
0.463614 0.135672 0.113333 0.000000
0.350903 -0.105710 -0.040832 0.000000
0.392065 0.229940 0.166967 0.000000
0.698942 0.309731 0.154486 1.000000
-0.310294 -0.244915 -0.076082 0.000000
-0.292171 -0.161179 -0.073421 0.000000
-0.669997 -0.316006 -0.150769 0.000000
0.651130 0.441968 0.086050 1.000000
-0.503110 -0.116105 -0.022712 0.000000
0.692401 -0.252797 -0.110028 0.000000
0.591610 0.443143 0.121913 1.000000
0.125880 0.206158 0.167672 0.000000
0.151093 -0.285680 -0.122178 0.000000
-0.735488 -0.520224 -0.244505 0.000000
0.631475 -0.021429 0.028667 0.000000
-0.124989 0.415443 0.128401 1.000000
0.049830 -0.198774 -0.091760 0.000000
0.205141 0.433306 0.100800 1.000000
-0.607500 0.233293 0.173586 0.000000
0.646758 0.475539 0.084447 1.000000
-0.435256 0.256888 0.179149 0.000000
-0.786336 -0.363537 -0.152148 0.000000
0.268681 -0.045324 0.017743 0.000000
0.169167 0.097801 0.095015 0.000000
0.353934 -0.038020 0.004573 0.000000
0.746322 -0.303664 -0.127430 0.000000
0.627290 -0.303658 -0.137606 0.000000
-0.013429 0.420195 0.126540 1.000000
0.526043 0.285664 0.185150 0.000000
-0.664138 0.120606 0.095346 0.000000
0.217773 0.193361 0.116982 0.000000
-0.617034 -0.151037 -0.032974 0.000000
-0.674688 -0.547297 -0.226590 0.000000
-0.014698 0.009662 0.043759 0.000000
-0.554643 -0.381205 -0.180758 0.000000
0.107669 0.270173 0.189233 0.000000
0.114456 -0.022291 0.011256 0.000000
-0.144745 -0.435133 -0.172701 0.000000
-0.533144 0.443003 0.080490 1.000000
-0.670530 0.320528 0.174006 1.000000
-0.066206 0.480893 0.088427 1.000000
-0.506808 0.076039 0.095751 0.000000
0.704258 -0.429132 -0.201652 0.000000
-0.070682 -0.100291 -0.026074 0.000000
0.582033 -0.153026 -0.020890 0.000000
0.514778 0.288253 0.198786 1.000000
-0.627500 -0.133578 -0.033437 0.000000
-0.180798 0.384859 0.140537 1.000000
-0.551886 -0.490740 -0.234661 0.000000
0.097990 0.401987 0.126736 1.000000
0.376624 -0.390321 -0.195788 0.000000
-0.392191 -0.266966 -0.101833 0.000000
-0.789564 0.352633 0.140186 1.000000
0.652722 0.378252 0.137600 1.000000
0.555107 0.482050 0.063855 1.000000
-0.141588 -0.535347 -0.245452 0.000000
0.697370 -0.175749 -0.054476 0.000000
0.689862 -0.506518 -0.237110 0.000000
0.213167 -0.322710 -0.145028 0.000000
-0.439622 -0.068508 0.025068 0.000000
-0.072321 -0.020636 0.013759 0.000000
-0.324360 0.004421 0.048487 0.000000
-0.434423 -0.446211 -0.210545 0.000000
0.207654 0.362628 0.129464 1.000000
-0.716834 -0.498615 -0.211012 0.000000
-0.648786 -0.502180 -0.248676 0.000000
-0.439060 0.120367 0.109683 0.000000
0.747999 -0.115888 -0.028856 0.000000
-0.423328 -0.482259 -0.241147 0.000000
-0.443852 0.317464 0.171070 1.000000
0.675514 0.115533 0.086768 0.000000
-0.333931 -0.159633 -0.057295 0.000000
0.705030 -0.316797 -0.115733 0.000000
0.714130 0.072513 0.071601 0.000000
0.588346 -0.517113 -0.243947 0.000000
0.283717 0.006225 0.062361 0.000000
0.467659 -0.316614 -0.129207 0.000000
-0.145995 0.348946 0.165723 1.000000
-0.656651 -0.147655 -0.035306 0.000000
-0.373320 0.168826 0.118216 0.000000
0.093043 -0.068048 0.003139 0.000000
0.326065 -0.036358 0.045425 0.000000
0.497868 0.396844 0.116259 1.000000
-0.497817 -0.004382 0.031120 0.000000
-0.604985 0.107955 0.074905 0.000000
-0.379080 0.350951 0.152323 1.000000
0.282668 -0.166680 -0.039239 0.000000
-0.559308 -0.156100 -0.029777 0.000000
0.562196 0.428899 0.120522 1.000000
0.633357 -0.499627 -0.252175 0.000000
0.403520 -0.138574 -0.043533 0.000000
-0.503132 0.401329 0.134403 1.000000
0.284408 -0.006088 0.037834 0.000000
0.519193 0.131284 0.100379 0.000000
-0.303798 -0.395941 -0.169379 0.000000
-0.680533 -0.473322 -0.225448 0.000000
-0.540430 -0.138845 -0.058379 0.000000
-0.536781 -0.250053 -0.095034 0.000000
0.380705 -0.373318 -0.154093 0.000000
0.334141 0.024449 0.068073 0.000000
0.525096 0.091849 0.100069 0.000000
-0.301568 0.470422 0.074832 1.000000
0.705128 0.414136 0.101745 1.000000
0.000080 -0.298103 -0.101875 0.000000
-0.550418 0.170400 0.141938 0.000000
0.576742 -0.031743 0.024776 0.000000
0.168327 -0.499662 -0.241353 0.000000
-0.531991 -0.508459 -0.232080 0.000000
0.102821 -0.280700 -0.130595 0.000000
0.464451 -0.281632 -0.124451 0.000000
0.060331 0.298569 0.193056 1.000000
0.708890 0.517846 0.053173 1.000000
-0.128090 0.161455 0.129148 0.000000
0.454177 -0.042822 0.005949 0.000000
-0.647007 -0.089335 -0.001076 0.000000
0.739281 -0.479142 -0.229204 0.000000
-0.678941 -0.001702 0.038416 0.000000
-0.053447 0.498797 0.079027 1.000000
-0.124782 0.040969 0.060809 0.000000
0.029655 -0.233354 -0.087369 0.000000
0.000707 0.243458 0.155332 0.000000
0.591250 0.043627 0.046959 0.000000
0.389436 0.078606 0.071017 0.000000
-0.782617 0.124272 0.106910 0.000000
-0.273788 -0.490326 -0.208997 0.000000
0.175970 -0.045324 0.025261 0.000000
-0.066604 0.349985 0.156577 1.000000
0.623638 -0.186776 -0.064424 0.000000
0.748932 0.003524 0.039912 0.000000
-0.786075 0.258018 0.158226 0.000000
0.573495 -0.525643 -0.244955 0.000000
-0.321546 -0.220894 -0.065699 0.000000
-0.183853 0.479469 0.075700 1.000000
0.203146 -0.352621 -0.152290 0.000000
-0.669997 -0.316006 -0.150769 0.000000
0.157195 0.389213 0.117487 1.000000
-0.614279 0.453624 0.096439 1.000000
0.680366 -0.370236 -0.180378 0.000000
0.225520 0.288930 0.176922 1.000000
0.006085 -0.117350 -0.041375 0.000000
-0.372603 0.228305 0.162076 0.000000
0.642771 -0.134541 -0.046898 0.000000
-0.380724 -0.553307 -0.263476 0.000000
0.401355 -0.454281 -0.205541 0.000000
-0.374678 0.510259 0.056115 1.000000
0.689028 -0.312121 -0.134049 0.000000
-0.125493 -0.310952 -0.125077 0.000000
0.438455 0.204527 0.130275 0.000000
0.052115 0.371443 0.122200 1.000000
-0.303798 -0.395941 -0.169379 0.000000
0.679750 -0.296760 -0.112957 0.000000
0.014220 0.421516 0.109135 1.000000
-0.344464 -0.458186 -0.215699 0.000000
-0.541849 -0.037488 0.017818 0.000000
-0.306144 -0.381974 -0.185046 0.000000
-0.020453 0.061595 0.078460 0.000000
-0.263684 -0.217564 -0.095565 0.000000
-0.071075 0.462974 0.098171 1.000000
0.512692 0.038749 0.059296 0.000000
0.522011 0.080369 0.088043 0.000000
-0.741533 -0.511607 -0.230842 0.000000
0.385558 -0.457940 -0.228555 0.000000
-0.074559 -0.425764 -0.196972 0.000000
0.583851 0.147375 0.099257 0.000000
-0.186442 0.387213 0.133565 1.000000
-0.503110 -0.116105 -0.022712 0.000000
0.091155 0.404203 0.122510 1.000000
-0.134315 0.541228 0.090407 1.000000
-0.260315 0.529986 0.064059 1.000000
-0.161141 0.107599 0.107866 0.000000
0.512328 -0.485113 -0.224607 0.000000
-0.502696 0.483970 0.071192 1.000000
0.121527 0.231732 0.149900 0.000000
0.529891 0.522939 0.086939 1.000000
-0.612890 0.120381 0.103427 0.000000
-0.182314 0.161554 0.120123 0.000000
-0.722612 0.230615 0.159685 0.000000
-0.661828 -0.216576 -0.087169 0.000000
0.569562 0.374051 0.124701 1.000000
0.043036 -0.074665 -0.000013 0.000000
0.385512 0.016975 0.059400 0.000000
0.739056 0.033814 0.059901 0.000000
-0.199261 -0.151377 -0.043785 0.000000
0.274034 -0.441284 -0.187762 0.000000
-0.193483 0.221879 0.133916 0.000000
0.461046 -0.364993 -0.186444 0.000000
-0.036307 -0.453065 -0.204655 0.000000
0.400140 0.274605 0.197395 1.000000
0.629810 0.015344 0.042913 0.000000
-0.427033 -0.458894 -0.222248 0.000000
0.099808 -0.430987 -0.189608 0.000000
0.579684 0.073614 0.094968 0.000000
-0.131315 0.062671 0.061577 0.000000
0.579467 0.543789 0.055756 1.000000
0.458154 0.504800 0.062570 1.000000
0.273183 0.116526 0.094573 0.000000
0.383087 -0.193781 -0.082801 0.000000
0.204682 0.522866 0.077654 1.000000
-0.309330 0.512725 0.055898 1.000000
0.466800 0.342116 0.169048 1.000000
0.164078 -0.236608 -0.091334 0.000000
-0.015908 -0.459231 -0.187332 0.000000
0.111861 0.129892 0.107127 0.000000
0.695868 -0.531511 -0.233817 0.000000
0.564702 -0.213876 -0.070604 0.000000
0.284408 -0.006088 0.037834 0.000000
-0.481132 -0.163861 -0.052780 0.000000
0.288588 0.402884 0.138962 1.000000
0.288987 0.515241 0.042298 1.000000
0.104564 0.082183 0.069486 0.000000
-0.134378 0.104428 0.085933 0.000000
-0.446445 0.443445 0.103997 1.000000
-0.779446 0.422506 0.117911 1.000000
0.516695 -0.490545 -0.252547 0.000000
-0.613417 0.184731 0.140483 0.000000
-0.666560 -0.140767 -0.054729 0.000000
-0.438244 -0.151355 -0.021681 0.000000
-0.312521 -0.204886 -0.116059 0.000000
0.167275 -0.406840 -0.171339 0.000000
-0.719776 -0.077579 -0.023504 0.000000
0.547567 -0.509559 -0.258151 0.000000
-0.435641 0.365601 0.135142 1.000000
-0.657936 -0.416986 -0.185365 0.000000
0.209928 0.428731 0.097991 1.000000
-0.014603 0.371534 0.128984 1.000000
0.152878 0.131340 0.101874 0.000000
0.513773 -0.247071 -0.116570 0.000000
-0.429183 -0.205488 -0.086031 0.000000
-0.429627 -0.132054 -0.037745 0.000000
-0.666546 0.351313 0.136002 1.000000
0.571272 -0.254026 -0.105138 0.000000
-0.142818 -0.440947 -0.189754 0.000000
0.353256 -0.161205 -0.031139 0.000000
0.391647 0.497214 0.068339 1.000000
-0.145091 -0.521546 -0.238041 0.000000
-0.705324 -0.139457 -0.073696 0.000000
-0.567819 0.344774 0.167899 1.000000
0.769558 0.080483 0.069716 0.000000
-0.259573 -0.095388 -0.009756 0.000000
-0.797723 0.270601 0.187395 1.000000
-0.076028 -0.502382 -0.225424 0.000000
0.688289 -0.528180 -0.249469 0.000000
-0.428433 -0.314025 -0.154705 0.000000
0.648984 -0.544789 -0.254365 0.000000
-0.268138 -0.309937 -0.114305 0.000000
-0.120047 0.013192 0.061898 0.000000
-0.088762 -0.010243 0.033808 0.000000
0.581958 -0.498535 -0.239459 0.000000
-0.265767 0.051561 0.058789 0.000000
-0.666430 -0.354909 -0.150444 0.000000
0.404100 0.513723 0.067547 1.000000
0.170844 0.477932 0.077098 1.000000
0.106606 -0.252942 -0.107867 0.000000
-0.504101 -0.477742 -0.228880 0.000000
-0.549904 -0.000493 0.061681 0.000000
0.571120 0.274444 0.174951 0.000000
0.752884 0.512197 0.038139 1.000000
0.093702 0.099386 0.109194 0.000000
-0.072150 -0.064629 -0.008647 0.000000
-0.585923 0.434655 0.110130 1.000000
-0.008689 -0.362952 -0.175346 0.000000
-0.021138 -0.440415 -0.198211 0.000000
0.574206 -0.348237 -0.151836 0.000000
0.698144 -0.392878 -0.190636 0.000000
0.583339 0.413492 0.107681 1.000000
0.387039 -0.124422 -0.014514 0.000000
0.582534 0.363984 0.130775 1.000000
-0.110179 0.206190 0.149926 0.000000
-0.155497 -0.277378 -0.113838 0.000000
0.769615 0.468278 0.076406 1.000000
0.157957 -0.433170 -0.189140 0.000000
0.498363 0.213952 0.156496 0.000000
0.158712 -0.003759 0.044515 0.000000
-0.632801 -0.404824 -0.173855 0.000000
0.232470 0.059696 0.085598 0.000000
-0.747584 -0.444422 -0.199408 0.000000
0.289057 0.383380 0.130687 1.000000
-0.012661 -0.190959 -0.051201 0.000000
0.269696 0.283297 0.184271 1.000000
-0.137235 0.072628 0.083796 0.000000
-0.612190 0.385572 0.144116 1.000000
0.324665 -0.013073 0.033808 0.000000
-0.145995 0.348946 0.165723 1.000000
-0.747584 -0.444422 -0.199408 0.000000
-0.472778 0.270158 0.188054 0.000000
0.186184 -0.083812 0.006483 0.000000
0.096853 -0.319543 -0.130191 0.000000
0.050566 -0.129437 -0.019052 0.000000
-0.072449 -0.047713 0.001130 0.000000
-0.730095 -0.340542 -0.143554 0.000000
0.341806 0.194461 0.145393 0.000000
-0.313758 0.467134 0.084388 1.000000
-0.707892 -0.224763 -0.071840 0.000000
0.688205 -0.436881 -0.201587 0.000000
-0.008501 0.034155 0.057275 0.000000
0.753230 0.022339 0.046166 0.000000
-0.012059 0.413106 0.090631 1.000000
-0.614279 0.453624 0.096439 1.000000
-0.490210 0.303696 0.160418 1.000000
0.350903 -0.105710 -0.040832 0.000000
0.439633 0.282448 0.197706 1.000000
-0.309993 0.077753 0.070578 0.000000
-0.212206 0.070026 0.071871 0.000000
-0.383465 -0.118794 -0.041000 0.000000
0.764737 0.253041 0.172828 0.000000
-0.412685 -0.448972 -0.213587 0.000000
-0.384718 -0.561757 -0.240481 0.000000
0.088071 0.187215 0.144531 0.000000
-0.792281 -0.315728 -0.135507 0.000000
0.683975 -0.249301 -0.093885 0.000000
-0.555658 -0.414270 -0.201930 0.000000
0.685705 -0.352290 -0.153395 0.000000
-0.371393 0.232160 0.153741 0.000000
-0.632801 -0.404824 -0.173855 0.000000
0.694171 0.267558 0.178703 0.000000
0.044356 0.442493 0.099785 1.000000
-0.568691 0.103717 0.102224 0.000000
0.094117 -0.300872 -0.117373 0.000000
-0.388726 -0.514248 -0.255472 0.000000
0.521324 -0.237834 -0.089182 0.000000
0.041424 0.418150 0.097742 1.000000
-0.084869 -0.064914 0.000095 0.000000
-0.319305 0.374006 0.128518 1.000000
0.518280 -0.439577 -0.185968 0.000000
0.337634 -0.440803 -0.204470 0.000000
0.039876 -0.121304 -0.034852 0.000000
-0.657737 0.078390 0.068085 0.000000
-0.016793 0.351297 0.154582 1.000000
0.388214 -0.417671 -0.180888 0.000000
0.279999 -0.351197 -0.155534 0.000000
0.227623 -0.219164 -0.076734 0.000000
0.749944 0.080617 0.069144 0.000000
0.039257 -0.344831 -0.156903 0.000000
0.576045 -0.066364 -0.006007 0.000000
0.036021 0.098135 0.086348 0.000000
-0.444099 -0.192551 -0.056534 0.000000
0.621457 -0.179840 -0.048636 0.000000
-0.601711 0.475266 0.092332 1.000000
-0.549904 -0.000493 0.061681 0.000000
-0.778044 0.477354 0.057398 1.000000
0.168194 -0.130349 -0.017419 0.000000
0.572927 -0.434687 -0.229894 0.000000
0.337241 -0.057316 -0.008296 0.000000
0.575570 0.189871 0.149911 0.000000
0.639416 -0.308591 -0.131085 0.000000
0.677178 0.293792 0.198284 0.000000
-0.173864 -0.099254 -0.020280 0.000000
-0.599992 0.236237 0.153447 0.000000
-0.077424 -0.191444 -0.048989 0.000000
-0.714665 -0.075664 -0.037493 0.000000
-0.078529 -0.288056 -0.097308 0.000000
-0.553327 0.318802 0.162804 1.000000
0.458623 0.049333 0.052961 0.000000
-0.743061 -0.389159 -0.197065 0.000000
0.348539 0.109147 0.128767 0.000000
-0.421987 -0.376137 -0.185970 0.000000
-0.485753 -0.248510 -0.090008 0.000000
0.594900 0.474339 0.079989 1.000000
0.291455 0.484117 0.104040 1.000000
0.765497 0.403842 0.130347 1.000000
-0.141624 -0.493836 -0.238451 0.000000
-0.301673 0.133720 0.130663 0.000000
-0.199374 0.171438 0.148614 0.000000
0.602260 -0.053373 -0.002200 0.000000
0.044487 -0.543543 -0.236850 0.000000
0.769558 0.080483 0.069716 0.000000
0.349451 0.378764 0.154068 1.000000
-0.727525 -0.469892 -0.216400 0.000000
0.290285 0.304671 0.192295 1.000000
0.570929 -0.310025 -0.127462 0.000000
-0.768751 0.547762 0.047453 1.000000
0.401539 0.039493 0.057502 0.000000
-0.789146 -0.493855 -0.247378 0.000000
-0.127801 -0.538957 -0.218644 0.000000
-0.717950 -0.436592 -0.189265 0.000000
-0.116673 -0.257914 -0.095476 0.000000
0.203065 0.071351 0.077561 0.000000
-0.543802 0.167907 0.138468 0.000000
0.164450 0.496625 0.067659 1.000000
0.647153 0.352884 0.163214 1.000000
0.509836 0.167270 0.133707 0.000000
0.351578 0.050596 0.060701 0.000000
0.087310 0.449248 0.109296 1.000000
0.031855 0.243786 0.153424 0.000000
0.232470 0.059696 0.085598 0.000000
0.570929 -0.310025 -0.127462 0.000000
0.563154 -0.258642 -0.113273 0.000000
0.405973 0.038055 0.055497 0.000000
-0.741662 -0.229135 -0.085121 0.000000
0.637287 -0.489835 -0.236700 0.000000
0.738805 0.342328 0.164127 1.000000
0.459771 0.452867 0.098564 1.000000
0.248567 0.380734 0.116200 1.000000
-0.317097 0.512205 0.047117 1.000000
0.461760 0.057388 0.071627 0.000000
0.643075 -0.384563 -0.184350 0.000000
0.573028 0.102197 0.083349 0.000000
-0.741303 0.472160 0.102859 1.000000
0.441490 -0.407038 -0.191135 0.000000
0.634974 0.096154 0.084506 0.000000
0.632380 0.462313 0.082096 1.000000
0.114475 -0.421660 -0.198345 0.000000
-0.365945 0.153644 0.094803 0.000000
0.261585 -0.129944 -0.027908 0.000000
0.089790 0.510911 0.045553 1.000000
-0.782554 -0.578668 -0.229680 0.000000
-0.493918 0.104524 0.101475 0.000000
-0.487538 0.503571 0.064066 1.000000
-0.773915 0.018543 0.031911 0.000000
0.571901 0.362325 0.149101 1.000000
0.398373 0.271807 0.179971 1.000000
-0.499721 0.028722 0.038402 0.000000
-0.747856 0.361235 0.112727 1.000000
-0.783233 -0.234680 -0.082893 0.000000
-0.617146 -0.485461 -0.216728 0.000000
0.211133 -0.411928 -0.193467 0.000000
0.380705 -0.373318 -0.154093 0.000000
0.004472 0.176006 0.108717 0.000000
-0.151674 -0.014415 0.028428 0.000000
0.403036 0.124269 0.126936 0.000000
0.402717 0.039673 0.050268 0.000000
0.229580 0.046430 0.054172 0.000000
0.341498 -0.497618 -0.228419 0.000000
0.035059 -0.275254 -0.108846 0.000000
-0.012661 -0.190959 -0.051201 0.000000
0.148003 0.370317 0.171658 1.000000
0.402134 -0.008053 0.043183 0.000000
-0.709525 0.087043 0.086941 0.000000
-0.433839 -0.147873 -0.021413 0.000000
-0.721789 -0.303737 -0.131870 0.000000
0.564593 0.487362 0.074776 1.000000
0.320058 0.536841 0.023650 1.000000
0.401235 -0.303412 -0.133360 0.000000
-0.012661 -0.190959 -0.051201 0.000000
0.150130 -0.098317 -0.031618 0.000000
-0.247691 -0.199896 -0.056039 0.000000
-0.546893 -0.184415 -0.050235 0.000000
0.045545 0.338199 0.162818 1.000000
-0.024026 -0.362368 -0.144511 0.000000
0.393954 0.028694 0.043362 0.000000
0.689862 -0.506518 -0.237110 0.000000
0.085643 -0.462704 -0.210171 0.000000
-0.674323 -0.206745 -0.072828 0.000000
-0.148901 0.213373 0.168805 0.000000
-0.090066 0.021599 0.029660 0.000000
-0.230144 -0.274077 -0.102158 0.000000
0.626387 0.304034 0.162665 1.000000
-0.186225 -0.517069 -0.260417 0.000000
0.285635 0.032532 0.053757 0.000000
-0.711511 -0.473833 -0.204028 0.000000
0.529032 0.270803 0.210166 1.000000
-0.418337 -0.368194 -0.156915 0.000000
-0.187060 -0.230058 -0.093551 0.000000
-0.543802 0.167907 0.138468 0.000000
-0.621452 -0.513027 -0.232103 0.000000
-0.340076 -0.030204 -0.000048 0.000000
0.588346 -0.517113 -0.243947 0.000000
-0.666735 0.127455 0.102302 0.000000
0.630329 0.049954 0.058375 0.000000
-0.216864 -0.305473 -0.104988 0.000000
-0.025939 -0.490467 -0.249819 0.000000
-0.591985 -0.464494 -0.231129 0.000000
0.401539 0.039493 0.057502 0.000000
-0.787971 0.148838 0.122235 0.000000
-0.499281 0.228568 0.169042 0.000000
-0.208780 -0.483691 -0.219562 0.000000
-0.212354 0.232177 0.161867 0.000000
-0.666439 0.082968 0.112082 0.000000
0.556608 -0.420259 -0.189499 0.000000
-0.331705 -0.097425 -0.027980 0.000000
0.291340 -0.437855 -0.209218 0.000000
-0.800959 -0.343870 -0.154712 0.000000
-0.487603 -0.155736 -0.053822 0.000000
-0.419373 -0.044723 0.013390 0.000000
-0.246316 -0.050074 0.033290 0.000000
-0.074553 -0.441630 -0.212885 0.000000
-0.782542 0.031935 0.081146 0.000000
-0.211302 0.437858 0.091225 1.000000
0.467012 -0.240168 -0.081246 0.000000
-0.305514 0.250708 0.165377 0.000000
0.450615 -0.503480 -0.235416 0.000000
0.617872 -0.290719 -0.125419 0.000000
-0.478361 0.264344 0.186689 1.000000
-0.293815 0.101567 0.085185 0.000000
0.322414 0.270505 0.190116 1.000000
0.323530 -0.043156 0.004520 0.000000
0.573537 -0.316973 -0.135372 0.000000
0.102973 -0.325342 -0.133484 0.000000
0.638913 -0.045882 0.019593 0.000000
0.039175 -0.114274 -0.029899 0.000000
-0.087721 -0.306168 -0.139313 0.000000
0.587417 0.109980 0.084934 0.000000
-0.248699 0.524970 0.063620 1.000000
-0.001432 -0.288523 -0.156854 0.000000
-0.542242 -0.300496 -0.137298 0.000000
-0.007189 0.435106 0.105493 1.000000
0.514778 0.288253 0.198786 1.000000
-0.370632 0.056917 0.036910 0.000000
-0.520406 0.254794 0.166094 0.000000
-0.765150 0.029049 0.049812 0.000000
-0.316318 -0.531337 -0.254834 0.000000
0.705798 0.231692 0.144465 0.000000
-0.018318 0.028744 0.051403 0.000000
-0.496942 0.277544 0.162255 0.000000
0.051060 -0.095597 -0.011353 0.000000
-0.374228 0.323113 0.163097 1.000000
0.685376 0.401425 0.123868 1.000000
-0.598562 -0.427210 -0.219689 0.000000
-0.714513 -0.034331 0.024557 0.000000
0.679582 -0.121348 -0.034052 0.000000
-0.131299 -0.011478 0.023663 0.000000
-0.597084 0.353458 0.137420 1.000000
0.280738 0.305590 0.162445 1.000000
0.331034 0.065558 0.076394 0.000000
-0.378014 0.121677 0.119999 0.000000
0.157336 0.027628 0.061130 0.000000
-0.553315 -0.250267 -0.110715 0.000000
0.140004 0.419635 0.094832 1.000000
0.093862 0.302636 0.194975 1.000000
0.394393 0.152110 0.126669 0.000000
-0.082615 -0.284195 -0.104335 0.000000
0.632082 0.434359 0.110345 1.000000
0.117508 -0.041850 0.020758 0.000000
-0.723848 0.548263 0.032458 1.000000
0.578236 0.372578 0.124939 1.000000
0.105115 0.418105 0.114286 1.000000
0.697208 0.427683 0.094433 1.000000
-0.186603 -0.151779 -0.056282 0.000000
0.224112 0.063443 0.069143 0.000000
0.406656 -0.231643 -0.092510 0.000000
-0.612190 0.385572 0.144116 1.000000
0.192543 0.385869 0.128933 1.000000
0.233945 0.483367 0.081175 1.000000
0.458008 -0.068393 0.008182 0.000000
0.212978 0.248471 0.187090 1.000000
0.473146 0.141682 0.134127 0.000000
0.114098 0.079295 0.074185 0.000000
-0.777267 -0.315303 -0.147291 0.000000
0.394150 0.404396 0.120154 1.000000
0.763551 -0.137806 -0.044159 0.000000
0.627074 -0.478502 -0.214569 0.000000
-0.443513 -0.555486 -0.250007 0.000000
0.533438 -0.474503 -0.219932 0.000000
0.108012 -0.273313 -0.109088 0.000000
-0.647007 -0.089335 -0.001076 0.000000
0.106081 0.325605 0.153985 1.000000
-0.471550 -0.332616 -0.154626 0.000000
-0.078811 -0.404457 -0.169440 0.000000
-0.609721 -0.472858 -0.237924 0.000000
-0.782750 0.510808 0.070125 1.000000
-0.533844 0.205786 0.144039 0.000000
0.458800 -0.135947 -0.035166 0.000000
-0.736296 0.502417 0.084912 1.000000
-0.110299 -0.100754 -0.014294 0.000000
-0.186975 -0.017681 0.006874 0.000000
0.177392 0.019251 0.052634 0.000000
0.613317 0.145687 0.114270 0.000000
0.320665 0.481494 0.073186 1.000000
0.452991 -0.135891 -0.030298 0.000000
-0.561460 -0.369757 -0.183743 0.000000
0.508568 -0.480224 -0.236802 0.000000
0.288267 -0.138913 -0.030199 0.000000
-0.722162 0.357109 0.129637 1.000000
0.514392 0.448358 0.090682 1.000000
0.341884 -0.288162 -0.141510 0.000000
-0.071467 0.067582 0.090851 0.000000
-0.666439 0.082968 0.112082 0.000000
0.210656 -0.213172 -0.087856 0.000000
-0.334146 0.158744 0.116281 0.000000
-0.480524 -0.324735 -0.134908 0.000000
0.571257 0.151265 0.148757 0.000000
0.525177 0.444891 0.116085 1.000000
0.459215 0.123497 0.096466 0.000000
0.547567 -0.509559 -0.258151 0.000000
-0.120478 -0.071961 0.002870 0.000000
-0.423242 -0.430817 -0.203279 0.000000
0.381891 0.257874 0.158773 0.000000
0.517324 -0.129817 -0.031086 0.000000
-0.612330 0.270805 0.179752 0.000000
-0.550418 0.170400 0.141938 0.000000
-0.135770 -0.211405 -0.084473 0.000000
0.337079 0.457305 0.095076 1.000000
0.321434 -0.464299 -0.205740 0.000000
0.133578 -0.371317 -0.155079 0.000000
-0.435097 0.198171 0.140776 0.000000
-0.076875 0.117746 0.119712 0.000000
0.575827 0.399101 0.131279 1.000000
0.394351 -0.146431 -0.024719 0.000000
0.454543 -0.316548 -0.127286 0.000000
0.222056 0.129736 0.107648 0.000000
-0.356794 -0.121747 -0.029485 0.000000
-0.136791 0.514331 0.061322 1.000000
0.582089 0.050035 0.042350 0.000000
0.567618 0.052154 0.057465 0.000000
0.643075 -0.384563 -0.184350 0.000000
-0.348354 -0.421055 -0.183840 0.000000
0.263600 0.272502 0.180667 1.000000
0.172126 0.201653 0.162186 0.000000
-0.790989 -0.109284 -0.018744 0.000000
0.269917 -0.514756 -0.222315 0.000000
-0.735887 -0.179277 -0.053005 0.000000
0.712031 0.201143 0.163768 0.000000
0.096853 -0.319543 -0.130191 0.000000
-0.017691 0.338904 0.146304 1.000000
0.644725 -0.242372 -0.095537 0.000000
0.656387 0.295442 0.187431 1.000000
-0.725033 -0.255036 -0.090327 0.000000
0.406844 0.309698 0.176129 1.000000
-0.632801 -0.404824 -0.173855 0.000000
0.571395 0.432441 0.091549 1.000000
-0.370991 -0.130676 -0.011319 0.000000
0.635041 -0.249954 -0.087682 0.000000
0.288318 0.013188 0.057879 0.000000
0.344272 -0.514971 -0.245736 0.000000
-0.435389 0.180295 0.144848 0.000000
0.611706 0.009253 0.043325 0.000000
-0.559557 0.495780 0.083798 1.000000
-0.514644 0.319072 0.173849 1.000000
-0.186975 -0.017681 0.006874 0.000000
0.528370 -0.008422 0.045460 0.000000
-0.435192 0.383449 0.140148 1.000000
0.039257 -0.344831 -0.156903 0.000000
0.743746 -0.121592 -0.026666 0.000000
-0.547259 0.346676 0.139824 1.000000
-0.605435 -0.047009 0.017899 0.000000
0.039257 -0.344831 -0.156903 0.000000
-0.435745 0.133259 0.103873 0.000000
0.383468 0.038672 0.078712 0.000000
-0.809135 -0.176750 -0.061626 0.000000
0.215979 -0.024505 0.042774 0.000000
-0.192785 0.030693 0.061400 0.000000
-0.372006 0.238573 0.162901 0.000000
0.123559 -0.420833 -0.208538 0.000000
0.630364 -0.034803 0.058326 0.000000
-0.504208 0.552453 0.065777 1.000000
-0.729840 -0.086527 -0.000616 0.000000
-0.378745 -0.100848 -0.013187 0.000000
-0.090066 0.021599 0.029660 0.000000
0.398554 0.394342 0.106024 1.000000
0.695870 0.175853 0.135784 0.000000
0.416109 -0.424902 -0.180562 0.000000
0.149564 -0.265443 -0.115005 0.000000
0.758852 0.119388 0.110288 0.000000
0.518280 -0.439577 -0.185968 0.000000
0.320472 0.287282 0.189379 1.000000
0.348953 -0.262548 -0.098834 0.000000
0.122181 0.112995 0.088369 0.000000
0.332445 0.332877 0.150117 1.000000
0.510879 0.043123 0.069456 0.000000
-0.482819 -0.499903 -0.246941 0.000000
-0.548397 0.354504 0.132700 1.000000
0.750855 0.318516 0.156205 1.000000
0.045515 0.289311 0.156264 1.000000
-0.330971 0.066376 0.066401 0.000000
0.692465 0.239920 0.173283 0.000000
-0.613457 0.332293 0.149305 1.000000
0.627235 -0.304002 -0.119808 0.000000
0.695310 0.185459 0.141686 0.000000
-0.311179 0.477726 0.078937 1.000000
-0.422849 0.135471 0.104775 0.000000
0.102416 0.261731 0.172197 0.000000
-0.238797 0.162461 0.133013 0.000000
-0.114840 -0.376456 -0.144260 0.000000
-0.001132 0.254462 0.172180 0.000000
0.441889 0.019772 0.049492 0.000000
0.272347 -0.391987 -0.178763 0.000000
-0.082939 -0.496205 -0.223346 0.000000
-0.782440 -0.390044 -0.144959 0.000000
-0.312986 0.414283 0.108631 1.000000
-0.547145 -0.545696 -0.251592 0.000000
-0.245992 -0.149680 -0.019359 0.000000
0.027269 0.001208 0.055410 0.000000
-0.419373 -0.044723 0.013390 0.000000
-0.115310 -0.310098 -0.113181 0.000000
0.291088 0.422843 0.131961 1.000000
0.215558 0.414415 0.096647 1.000000
0.208619 -0.152723 -0.043795 0.000000
-0.722529 -0.354582 -0.148461 0.000000
-0.592012 -0.143173 -0.050272 0.000000
0.406525 0.111747 0.113024 0.000000
0.463464 0.480896 0.069955 1.000000
0.270583 -0.229810 -0.106858 0.000000
-0.039317 -0.114489 -0.018680 0.000000
0.383012 -0.498950 -0.245380 0.000000
-0.416657 0.447241 0.078342 1.000000
-0.776242 0.155366 0.105477 0.000000
-0.674752 -0.310097 -0.129703 0.000000
0.400482 0.180292 0.147086 0.000000
-0.139213 0.011009 0.026394 0.000000
0.630329 0.049954 0.058375 0.000000
-0.539010 0.343718 0.138986 1.000000
-0.151069 0.530818 0.035191 1.000000
-0.732762 0.089851 0.092281 0.000000
-0.316199 -0.238741 -0.090400 0.000000
0.578442 0.367217 0.125027 1.000000
0.142665 0.380429 0.145046 1.000000
0.393476 -0.276411 -0.122234 0.000000
-0.785870 0.490269 0.052417 1.000000
0.173738 0.245941 0.176317 0.000000
-0.074294 0.017105 0.057845 0.000000
0.046961 -0.515702 -0.232214 0.000000
-0.617622 0.517757 0.054096 1.000000
-0.620670 0.344240 0.150433 1.000000
0.746987 0.308874 0.146440 1.000000
0.014220 0.421516 0.109135 1.000000
-0.332443 0.346467 0.133287 1.000000
-0.792324 0.459644 0.108583 1.000000
0.098611 0.008442 0.043532 0.000000
-0.503436 0.452213 0.066761 1.000000
0.174274 0.504398 0.068206 1.000000
0.224774 -0.260593 -0.118421 0.000000
0.632482 -0.470173 -0.224838 0.000000
-0.199261 -0.151377 -0.043785 0.000000
0.502925 0.042339 0.042899 0.000000
0.735880 0.329302 0.180979 1.000000
0.585514 -0.463150 -0.216628 0.000000
0.272703 0.359853 0.151201 1.000000
-0.137203 -0.502532 -0.222471 0.000000
-0.687652 0.216878 0.170224 0.000000
0.267611 -0.280580 -0.107929 0.000000
-0.555404 -0.100829 -0.012755 0.000000
-0.258495 0.076669 0.073367 0.000000
0.578574 0.316675 0.172371 1.000000
-0.308013 -0.418209 -0.202878 0.000000
0.182327 -0.354234 -0.163374 0.000000
0.022150 -0.208757 -0.073345 0.000000
-0.017424 0.089250 0.082561 0.000000
0.194255 0.007377 0.066948 0.000000
-0.088045 0.441536 0.099458 1.000000
-0.199261 -0.151377 -0.043785 0.000000
-0.098955 0.048851 0.062008 0.000000
-0.654835 0.238521 0.200968 0.000000
0.398198 0.512416 0.035714 1.000000
-0.082451 0.526638 0.054750 1.000000
0.151519 -0.512354 -0.254218 0.000000
-0.019606 -0.268808 -0.079976 0.000000
-0.134496 0.143099 0.122400 0.000000
-0.617622 0.517757 0.054096 1.000000
0.681001 0.509871 0.070704 1.000000
-0.680297 -0.244270 -0.108327 0.000000
-0.729217 -0.321639 -0.136704 0.000000
-0.122017 0.134520 0.107118 0.000000
-0.568975 0.339323 0.165026 1.000000
0.704756 0.408884 0.105423 1.000000
0.104149 0.454078 0.088487 1.000000
-0.419162 -0.066709 -0.007354 0.000000
-0.681338 -0.109597 -0.041811 0.000000
-0.090771 -0.364491 -0.179651 0.000000
0.687742 -0.526660 -0.247204 0.000000
0.045166 -0.213462 -0.079581 0.000000
-0.450937 -0.477643 -0.217313 0.000000
-0.245483 -0.100370 -0.022585 0.000000
0.353792 -0.196567 -0.075339 0.000000
-0.058738 0.052077 0.067019 0.000000
-0.654985 -0.395385 -0.192811 0.000000
-0.686277 -0.263662 -0.100162 0.000000
-0.727782 0.096713 0.087828 0.000000
-0.778721 -0.164882 -0.047583 0.000000
-0.490596 0.176815 0.134117 0.000000
-0.254799 0.374103 0.134535 1.000000
0.448604 0.443266 0.083944 1.000000
0.686559 -0.440920 -0.190738 0.000000
0.519444 0.359245 0.152451 1.000000
-0.346082 -0.032484 0.012956 0.000000
0.349717 -0.290684 -0.116246 0.000000
-0.790509 0.307696 0.169469 1.000000
0.671137 -0.232511 -0.074774 0.000000
0.162019 -0.149800 -0.060253 0.000000
0.732601 0.555471 0.037224 1.000000
0.106796 0.243962 0.175907 0.000000
-0.786075 0.258018 0.158226 0.000000
0.055815 -0.319825 -0.148999 0.000000
-0.179166 0.238632 0.156550 0.000000
-0.729951 0.191926 0.136626 0.000000
-0.263590 0.257317 0.188231 0.000000
0.468746 -0.415978 -0.176765 0.000000
0.607995 0.002988 0.031039 0.000000
0.570919 -0.136647 -0.026192 0.000000
0.639936 -0.209015 -0.078400 0.000000
0.284821 -0.154016 -0.039781 0.000000
0.753616 -0.490269 -0.231290 0.000000
-0.258768 0.085993 0.085418 0.000000
0.617464 0.494424 0.073462 1.000000
0.469388 0.352716 0.158370 1.000000
0.375408 -0.438402 -0.202249 0.000000
-0.018722 -0.327528 -0.144289 0.000000
0.633325 -0.013301 0.025189 0.000000
0.642907 -0.262824 -0.121883 0.000000
-0.782542 0.031935 0.081146 0.000000
0.521286 0.248288 0.165032 0.000000
-0.238584 0.176260 0.128693 0.000000
0.219089 0.473902 0.083360 1.000000
0.690205 0.117069 0.100963 0.000000
-0.602251 -0.465637 -0.220570 0.000000
-0.189548 0.528990 0.032664 1.000000
-0.034313 0.120548 0.115930 0.000000
-0.777703 0.406780 0.125667 1.000000
-0.252347 0.349094 0.143397 1.000000
-0.256904 0.193821 0.155306 0.000000
-0.144162 -0.418511 -0.181435 0.000000
0.623614 -0.541910 -0.236717 0.000000
0.529891 0.522939 0.086939 1.000000
-0.202827 0.139923 0.118216 0.000000
-0.367139 -0.430556 -0.176794 0.000000
-0.241030 -0.160731 -0.059985 0.000000
0.251395 -0.285360 -0.096973 0.000000
-0.598792 0.427780 0.079656 1.000000
-0.784482 -0.387147 -0.158270 0.000000
-0.545768 -0.258245 -0.135931 0.000000
0.167523 0.064345 0.065124 0.000000
0.565891 0.386940 0.127479 1.000000
0.528689 -0.054045 -0.004359 0.000000
-0.418241 0.190061 0.133852 0.000000
0.025900 -0.229108 -0.087313 0.000000
-0.797091 0.221818 0.162355 0.000000
-0.090066 0.021599 0.029660 0.000000
0.504606 -0.533543 -0.251507 0.000000
0.272347 -0.391987 -0.178763 0.000000
0.520303 -0.386710 -0.187244 0.000000
0.317597 0.085338 0.093823 0.000000
0.639287 -0.447834 -0.224639 0.000000
-0.140121 -0.257177 -0.113850 0.000000
0.286339 0.095654 0.086589 0.000000
-0.497419 -0.138790 -0.032253 0.000000
-0.482420 -0.130847 -0.030818 0.000000
0.703511 0.225020 0.162236 0.000000
0.089278 -0.307490 -0.114439 0.000000
0.060331 0.298569 0.193056 1.000000
0.688773 -0.449185 -0.216724 0.000000
0.328161 0.181355 0.129804 0.000000
0.520868 0.062688 0.061938 0.000000
-0.191259 -0.189259 -0.055870 0.000000
-0.068963 0.268131 0.195176 0.000000
-0.261159 0.021210 0.044398 0.000000
0.417424 0.076941 0.071009 0.000000
-0.474653 0.285613 0.183717 0.000000
0.457660 0.387607 0.143458 1.000000
0.156333 -0.205092 -0.073947 0.000000
0.582140 -0.035316 0.026736 0.000000
0.215344 0.088061 0.088492 0.000000
-0.511362 -0.173163 -0.077267 0.000000
0.629727 -0.242995 -0.091588 0.000000
-0.254422 -0.223576 -0.092306 0.000000
-0.081704 0.318666 0.156703 1.000000
-0.071836 0.364427 0.122272 1.000000
0.047817 -0.164716 -0.056852 0.000000
0.509184 -0.450438 -0.216514 0.000000
0.271420 -0.218113 -0.072762 0.000000
-0.562932 0.118641 0.118676 0.000000
-0.325670 -0.357310 -0.166252 0.000000
-0.569597 0.515099 0.061558 1.000000
-0.018722 -0.327528 -0.144289 0.000000
0.097683 0.096976 0.081354 0.000000
0.686005 0.269343 0.176295 0.000000
0.643630 -0.495857 -0.229203 0.000000
-0.124382 -0.068515 0.029784 0.000000
-0.612496 0.090497 0.073775 0.000000
-0.801147 0.081480 0.071963 0.000000
-0.570788 0.314863 0.158625 1.000000
-0.712981 -0.470286 -0.221523 0.000000
0.642078 0.544625 0.093014 1.000000
-0.084269 -0.489549 -0.228257 0.000000
-0.601783 -0.366051 -0.166549 0.000000
-0.763667 0.275218 0.200300 0.000000
-0.612153 -0.383384 -0.159148 0.000000
0.766763 0.402508 0.117863 1.000000
-0.035141 0.567529 0.063836 1.000000
-0.784284 0.236313 0.162210 0.000000
0.568253 -0.287897 -0.122914 0.000000
0.102552 -0.371165 -0.155537 0.000000
-0.084869 -0.064914 0.000095 0.000000
-0.196453 -0.395143 -0.166275 0.000000
0.223954 -0.175128 -0.075500 0.000000
-0.561177 0.274684 0.187034 0.000000
-0.074294 0.017105 0.057845 0.000000
0.450679 -0.093806 -0.017341 0.000000
-0.312797 -0.456584 -0.218028 0.000000
-0.348622 0.231387 0.181757 0.000000
-0.317688 0.148237 0.123637 0.000000
-0.392191 -0.266966 -0.101833 0.000000
0.041001 -0.372088 -0.170406 0.000000
0.273268 -0.051324 0.004681 0.000000
0.120049 -0.349829 -0.144905 0.000000
-0.417859 0.447788 0.084350 1.000000
-0.432666 -0.343955 -0.142827 0.000000
-0.651341 0.210864 0.135603 0.000000
0.340277 -0.261783 -0.107564 0.000000
-0.613417 0.184731 0.140483 0.000000
-0.440364 -0.223457 -0.097765 0.000000
-0.015973 -0.026921 0.022547 0.000000
-0.247988 0.288543 0.207475 1.000000
0.585272 0.208057 0.166839 0.000000
0.749229 0.438696 0.078182 1.000000
0.152702 -0.500334 -0.223121 0.000000
-0.386072 -0.120180 -0.022522 0.000000
-0.140103 -0.485469 -0.221134 0.000000
0.658261 0.368403 0.123380 1.000000
0.757872 0.326108 0.138044 1.000000
0.674275 0.417879 0.113839 1.000000
0.643465 -0.072066 -0.010248 0.000000
-0.620447 0.472289 0.081512 1.000000
-0.445879 -0.464897 -0.213194 0.000000
0.752868 -0.311653 -0.182471 0.000000
0.150130 -0.098317 -0.031618 0.000000
-0.602629 -0.067900 -0.008471 0.000000
-0.246254 0.133960 0.117976 0.000000
-0.191096 -0.082602 0.008587 0.000000
0.351725 0.266305 0.192106 0.000000
0.108298 0.162641 0.127340 0.000000
-0.432045 -0.392559 -0.175271 0.000000
0.684388 -0.225296 -0.077576 0.000000
0.330084 -0.206876 -0.076866 0.000000
-0.331720 -0.179733 -0.055904 0.000000
0.035175 -0.188314 -0.054911 0.000000
-0.616538 -0.075528 -0.004104 0.000000
0.694301 0.286272 0.169979 1.000000
0.468379 -0.171610 -0.024055 0.000000
-0.742169 0.031564 0.058999 0.000000
-0.363901 0.393992 0.114985 1.000000
-0.491172 0.380123 0.125585 1.000000
-0.397955 0.466618 0.084527 1.000000
-0.174661 0.072183 0.062260 0.000000
0.234211 0.126729 0.107001 0.000000
-0.369577 0.375759 0.136085 1.000000
-0.373811 0.270465 0.201230 0.000000
-0.075440 0.514775 0.043636 1.000000
0.737568 -0.137763 -0.039102 0.000000
-0.107544 -0.409944 -0.190227 0.000000
0.292055 0.511075 0.036653 1.000000
0.226552 -0.534397 -0.242157 0.000000
0.764753 -0.085812 -0.029761 0.000000
-0.378713 0.318876 0.168318 1.000000
0.334716 -0.532946 -0.235234 0.000000
0.498390 0.051825 0.063893 0.000000
-0.290950 0.052818 0.070497 0.000000
-0.019606 -0.268808 -0.079976 0.000000
-0.611296 -0.200661 -0.068449 0.000000
0.407576 0.043587 0.060939 0.000000
0.392161 -0.152598 -0.030005 0.000000
-0.009271 -0.179108 -0.052239 0.000000
0.583299 0.229678 0.172419 0.000000
0.169633 0.440581 0.091686 1.000000
0.291005 0.143008 0.118589 0.000000
0.750446 -0.546121 -0.264885 0.000000
0.504606 -0.533543 -0.251507 0.000000
-0.237686 0.518283 0.058640 1.000000
-0.712981 -0.470286 -0.221523 0.000000
0.241865 -0.409676 -0.180554 0.000000
-0.029989 -0.335900 -0.162013 0.000000
-0.490543 -0.328973 -0.144254 0.000000
0.534500 -0.195852 -0.085035 0.000000
-0.561591 0.056786 0.057670 0.000000
-0.603139 0.054125 0.073022 0.000000
0.284063 0.516558 0.052583 1.000000
0.047142 0.072181 0.082471 0.000000
-0.212512 -0.058334 -0.000337 0.000000
-0.324218 0.502085 0.072222 1.000000
0.690218 0.366617 0.139460 1.000000
-0.067469 -0.334612 -0.155971 0.000000
-0.382667 -0.542560 -0.247535 0.000000
-0.333166 0.382140 0.129242 1.000000
-0.508609 -0.097567 -0.021736 0.000000
-0.011296 -0.285415 -0.112721 0.000000
-0.188407 -0.053903 0.025395 0.000000
-0.419085 0.158536 0.111745 0.000000
0.034162 -0.458985 -0.190508 0.000000
-0.432857 0.067204 0.066929 0.000000
-0.666864 0.414267 0.132719 1.000000
0.507851 0.165813 0.121654 0.000000
0.175818 -0.477163 -0.223325 0.000000
-0.770995 -0.003815 0.016600 0.000000
0.616500 0.389535 0.124660 1.000000
0.628770 -0.453333 -0.232451 0.000000
0.041376 0.372277 0.122321 1.000000
0.207737 0.013959 0.035722 0.000000
0.691638 -0.358574 -0.144554 0.000000
0.502261 -0.404881 -0.158453 0.000000
-0.260036 0.190914 0.147741 0.000000
-0.133479 0.309528 0.154665 1.000000
-0.254920 -0.261822 -0.114827 0.000000
0.177894 0.077943 0.082889 0.000000
-0.483445 0.004195 0.038292 0.000000
-0.673231 -0.464506 -0.227021 0.000000
0.627074 -0.478502 -0.214569 0.000000
-0.485629 0.075210 0.079872 0.000000
-0.684795 0.510128 0.064407 1.000000
-0.302384 0.372910 0.112617 1.000000
0.639004 0.414712 0.117727 1.000000
-0.742376 -0.496674 -0.245222 0.000000
-0.256810 -0.274360 -0.102858 0.000000
0.223976 -0.138180 -0.062014 0.000000
-0.087721 -0.306168 -0.139313 0.000000
0.632082 0.434359 0.110345 1.000000
0.461386 -0.144986 -0.057026 0.000000
-0.205663 -0.096973 -0.013032 0.000000
-0.767072 -0.034447 0.015629 0.000000
0.633336 0.365205 0.149373 1.000000
0.678701 -0.467745 -0.233705 0.000000
-0.652974 -0.460387 -0.202300 0.000000
-0.238454 -0.379138 -0.157759 0.000000
0.511576 0.082792 0.083858 0.000000
0.572795 -0.346298 -0.157416 0.000000
0.224596 0.350135 0.133675 1.000000
0.273487 -0.127264 -0.002489 0.000000
0.453504 -0.419695 -0.206174 0.000000
-0.078787 -0.193342 -0.064611 0.000000
0.516010 -0.002555 0.028742 0.000000
-0.610166 -0.195567 -0.066721 0.000000
-0.190637 0.134462 0.123913 0.000000
0.201263 0.296875 0.167196 1.000000
0.173949 -0.023453 0.043805 0.000000
-0.440945 -0.476173 -0.205031 0.000000
0.270299 0.170609 0.126933 0.000000
0.405446 -0.131304 -0.019177 0.000000
-0.684795 0.510128 0.064407 1.000000
-0.193473 -0.341889 -0.137591 0.000000
0.771577 0.260048 0.188421 0.000000
-0.714203 0.313961 0.202279 1.000000
-0.700277 0.175218 0.158582 0.000000
-0.723450 -0.493820 -0.226388 0.000000
0.514392 0.448358 0.090682 1.000000
0.616500 0.389535 0.124660 1.000000
0.035357 -0.011638 0.021168 0.000000
-0.009213 -0.282554 -0.107902 0.000000
0.024907 -0.179010 -0.047404 0.000000
0.077369 0.369005 0.135667 1.000000
0.580345 0.009167 0.035465 0.000000
0.393476 -0.276411 -0.122234 0.000000
-0.140137 0.500446 0.071189 1.000000
0.283177 -0.526205 -0.252678 0.000000
-0.683486 -0.444880 -0.215185 0.000000
0.088071 0.187215 0.144531 0.000000
0.383012 -0.498950 -0.245380 0.000000
-0.554815 0.333129 0.140617 1.000000
0.643426 0.357210 0.140404 1.000000
-0.371690 0.509447 0.044729 1.000000
0.624468 0.217676 0.157104 0.000000
-0.721476 0.242521 0.184954 0.000000
0.586094 -0.221125 -0.054073 0.000000
0.164715 0.050086 0.077604 0.000000
-0.296278 -0.020506 -0.000786 0.000000
-0.444056 0.203248 0.161401 0.000000
0.217242 -0.407678 -0.196205 0.000000
0.695458 0.538678 0.045762 1.000000
-0.707882 -0.404852 -0.180303 0.000000
-0.420182 -0.520156 -0.246414 0.000000
-0.130959 -0.301334 -0.125192 0.000000
-0.607566 0.095201 0.083815 0.000000
0.144456 -0.446503 -0.212647 0.000000
-0.301568 0.470422 0.074832 1.000000
0.473788 0.362300 0.130299 1.000000
0.454987 0.382188 0.138655 1.000000
-0.076669 0.441917 0.110332 1.000000
-0.787692 0.349945 0.142769 1.000000
0.655169 -0.219877 -0.085063 0.000000
0.420209 0.485918 0.054937 1.000000
0.045474 -0.059439 0.008064 0.000000
-0.024153 -0.425741 -0.179646 0.000000
0.226766 -0.010466 0.022752 0.000000
-0.120280 0.258208 0.199530 0.000000
0.021608 -0.032688 0.012713 0.000000
-0.356855 0.434736 0.102289 1.000000
-0.317204 0.267373 0.194367 0.000000
0.168346 -0.149517 -0.049844 0.000000
-0.317204 0.267373 0.194367 0.000000
0.406750 -0.076803 -0.019953 0.000000
0.506152 0.033087 0.043550 0.000000
0.736831 -0.480736 -0.220036 0.000000
-0.657346 -0.138743 -0.034561 0.000000
0.625633 -0.440813 -0.188254 0.000000
-0.182314 0.161554 0.120123 0.000000
-0.091144 0.035678 0.046717 0.000000
0.699009 -0.303073 -0.143368 0.000000
0.587017 0.319733 0.170129 1.000000
-0.297897 -0.227371 -0.089080 0.000000
0.447033 0.474304 0.088209 1.000000
-0.611692 0.447065 0.088551 1.000000
0.416811 -0.052053 -0.019308 0.000000
0.269898 -0.241750 -0.088103 0.000000
-0.539010 0.343718 0.138986 1.000000
-0.099916 -0.018064 0.036935 0.000000
0.154903 -0.285670 -0.123794 0.000000
0.524965 0.075003 0.085940 0.000000
0.268275 0.295215 0.179441 1.000000
0.607995 0.002988 0.031039 0.000000
0.727227 0.497443 0.075331 1.000000
